# Average histogram peak vs width by running pshistogram with and without -F.
# This averages out most of the phase amplitude so that filtering sort of works
# Need to redo with determining the phase that maximizes the peak instead.
1	-5156.25	25
2	-5164.5	39
3	-5165.25	52
4	-5165	67.5
5	-5166.25	81.5
6	-5152.5	93
7	-5154.75	111.5
8	-5158	121.5
9	-5156.25	134.5
10	-5157.5	146.5
11	-5155.75	163
12	-5157	173
13	-5158.25	188
14	-5156.5	199.5
15	-5156.25	212
16	-5164	224.5
17	-5162.75	242.5
18	-5158.5	248.5
19	-5168.75	259.5
20	-5165	273
21	-5165.25	286
22	-5169.5	302
23	-5166.25	316.5
24	-5166	326
25	-5168.75	344.5
26	-5174.5	343.5
27	-5169.75	369
28	-5167	374
29	-5166.25	385.5
30	-5167.5	397.5
31	-5170.75	404.5
32	-5176	414.5
33	-5166.75	434
34	-5175.5	432
35	-5168.75	457
36	-5163	450.5
37	-5176.75	464.5
38	-5173.5	481
39	-5171.25	498
40	-5170	505
41	-5169.75	515.5
42	-5170.5	527
43	-5172.25	537
44	-5175	543.5
45	-5178.75	552
46	-5183.5	548.5
47	-5165.75	560.5
48	-5172	586
49	-5179.25	597
50	-5187.5	590.5
51	-5171.25	605.5
52	-5181	618
53	-5191.75	608.5
54	-5176.5	643
55	-5188.75	642
56	-5174	654.5
57	-5187.75	660
58	-5173.5	670.5
59	-5188.75	684.5
60	-5175	684.5
61	-5191.75	701.5
62	-5178.5	700
63	-5196.75	706
64	-5184	732.5
65	-5171.25	712
66	-5191.5	752
67	-5179.25	740
68	-5201	743.5
69	-5189.25	775
70	-5177.5	760
71	-5201.25	778
72	-5190	797.5
73	-5178.75	786
74	-5204.5	803.5
75	-5193.75	832.5
76	-5183	809
77	-5210.75	809
78	-5200.5	854.5
79	-5190.25	843
80	-5180	837.5
81	-5210.25	859
82	-5200.5	888
83	-5190.75	871
84	-5181	866.5
85	-5213.75	885.5
86	-5204.5	917.5
87	-5195.25	917.5
88	-5186	902
89	-5221.25	895.5
90	-5212.5	939
91	-5203.75	960
92	-5195	954
93	-5186.25	930.5
94	-5177.5	931
95	-5216.25	977.5
96	-5208	995.5
97	-5199.75	1000.5
98	-5191.5	983
99	-5183.25	981
100	-5225	985
101	-5217.25	1031
102	-5209.5	1038
103	-5201.75	1048.5
104	-5194	1037
105	-5186.25	1035.5
106	-5231.5	1018
107	-5224.25	1057.5
108	-5217	1087
109	-5209.75	1092
110	-5202.5	1097.5
111	-5195.25	1100.5
112	-5188	1086
113	-5180.75	1069.5
114	-5230.5	1092
115	-5223.75	1128
116	-5217	1139.5
117	-5210.25	1159.5
118	-5203.5	1166
119	-5196.75	1159
120	-5190	1154.5
121	-5183.25	1128.5
122	-5237.5	1145
123	-5231.25	1170.5
124	-5225	1182
125	-5218.75	1210.5
126	-5212.5	1234.5
127	-5206.25	1240.5
128	-5200	1236
129	-5193.75	1223
130	-5187.5	1201.5
131	-5246.75	1191
132	-5241	1222
133	-5235.25	1240
134	-5229.5	1263
135	-5223.75	1292
136	-5218	1299
137	-5212.25	1323
138	-5206.5	1318
139	-5200.75	1308.5
140	-5195	1295
141	-5189.25	1272
142	-5254.5	1257
143	-5249.25	1282.5
144	-5244	1315
145	-5238.75	1333.5
146	-5233.5	1363
147	-5228.25	1388
148	-5223	1400
149	-5217.75	1405.5
150	-5212.5	1404.5
151	-5207.25	1391.5
152	-5202	1383
153	-5196.75	1364.5
154	-5191.5	1341
155	-5263.75	1354
156	-5259	1381.5
157	-5254.25	1402
158	-5249.5	1413.5
159	-5244.75	1440
160	-5240	1461.5
161	-5235.25	1480.5
162	-5230.5	1496.5
163	-5225.75	1501
164	-5221	1504.5
165	-5216.25	1504
166	-5211.5	1475.5
167	-5206.75	1472
168	-5202	1458.5
169	-5197.25	1441.5
170	-5277.5	1436.5
171	-5273.25	1472
172	-5269	1496
173	-5264.75	1514.5
174	-5260.5	1538
175	-5256.25	1554.5
176	-5252	1564
177	-5247.75	1575.5
178	-5243.5	1589
179	-5239.25	1601.5
180	-5235	1610.5
181	-5230.75	1603
182	-5226.5	1607
183	-5222.25	1604.5
184	-5218	1593
185	-5213.75	1582.5
186	-5209.5	1568
187	-5205.25	1566
188	-5295	1564
189	-5291.25	1592.5
190	-5287.5	1614
191	-5283.75	1638.5
192	-5280	1654.5
193	-5276.25	1666
194	-5272.5	1672.5
195	-5268.75	1685
196	-5265	1699
197	-5261.25	1706
198	-5257.5	1716
199	-5253.75	1721.5
200	-5250	1725.5
201	-5246.25	1725.5
202	-5242.5	1728
203	-5238.75	1728
204	-5235	1729
205	-5231.25	1731.5
206	-5227.5	1738.5
207	-5223.75	1718
208	-5220	1719.5
209	-5216.25	1718
210	-5212.5	1718.5
211	-5314.25	1726.5
212	-5311	1760.5
213	-5307.75	1787
214	-5304.5	1811
215	-5301.25	1829
216	-5298	1846
217	-5294.75	1849.5
218	-5291.5	1859
219	-5288.25	1863.5
220	-5285	1870.5
221	-5281.75	1868
222	-5278.5	1877.5
223	-5275.25	1876.5
224	-5272	1876.5
225	-5268.75	1880.5
226	-5265.5	1881
227	-5262.25	1885.5
228	-5259	1884
229	-5255.75	1891.5
230	-5252.5	1889.5
231	-5249.25	1896.5
232	-5246	1898
233	-5242.75	1897.5
234	-5239.5	1905.5
235	-5236.25	1904.5
236	-5233	1899.5
237	-5229.75	1880
238	-5226.5	1885
239	-5342.75	1910.5
240	-5340	1923
241	-5337.25	1946
242	-5334.5	1969.5
243	-5331.75	1994.5
244	-5329	2013
245	-5326.25	2040.5
246	-5323.5	2048
247	-5320.75	2060.5
248	-5318	2066
249	-5315.25	2073
250	-5312.5	2083
251	-5309.75	2091
252	-5307	2101
253	-5304.25	2110.5
254	-5301.5	2117.5
255	-5298.75	2121.5
256	-5296	2125.5
257	-5293.25	2130.5
258	-5290.5	2128
259	-5287.75	2129.5
260	-5285	2126
261	-5282.25	2124.5
262	-5279.5	2120
263	-5276.75	2119.5
264	-5274	2114
265	-5271.25	2108.5
266	-5268.5	2105.5
267	-5265.75	2107.5
268	-5263	2116
269	-5260.25	2123.5
270	-5257.5	2137
271	-5254.75	2131.5
272	-5252	2131.5
273	-5249.25	2143.5
274	-5246.5	2148
275	-5243.75	2151.5
276	-5241	2141.5
277	-5238.25	2131.5
278	-5235.5	2133
279	-5372.25	2147
280	-5370	2164
281	-5367.75	2176.5
282	-5365.5	2196
283	-5363.25	2215.5
284	-5361	2223.5
285	-5358.75	2244.5
286	-5356.5	2263
287	-5354.25	2273.5
288	-5352	2295
289	-5349.75	2301.5
290	-5347.5	2318
291	-5345.25	2331
292	-5343	2348.5
293	-5340.75	2359
294	-5338.5	2374
295	-5336.25	2379.5
296	-5334	2384
297	-5331.75	2396.5
298	-5329.5	2402.5
299	-5327.25	2411.5
300	-5325	2413
301	-5322.75	2423.5
302	-5320.5	2424.5
303	-5318.25	2428.5
304	-5316	2428.5
305	-5313.75	2429
306	-5311.5	2431.5
307	-5309.25	2436
308	-5307	2444.5
309	-5304.75	2439.5
310	-5302.5	2441.5
311	-5300.25	2450.5
312	-5298	2452.5
313	-5295.75	2465.5
314	-5293.5	2465
315	-5291.25	2469.5
316	-5289	2475
317	-5286.75	2469
318	-5284.5	2475
319	-5282.25	2481
320	-5280	2486
321	-5277.75	2489.5
322	-5275.5	2488.5
323	-5273.25	2489.5
324	-5271	2494.5
325	-5268.75	2491
326	-5266.5	2489.5
327	-5264.25	2489.5
328	-5262	2485.5
329	-5259.75	2481.5
330	-5257.5	2478
331	-5255.25	2459
332	-5253	2452
333	-5250.75	2446
334	-5415.5	2443
335	-5413.75	2456
336	-5412	2462
337	-5410.25	2480.5
338	-5408.5	2493.5
339	-5406.75	2511
340	-5405	2523
341	-5403.25	2546
342	-5401.5	2558.5
343	-5399.75	2578.5
344	-5398	2584.5
345	-5396.25	2602.5
346	-5394.5	2607.5
347	-5392.75	2616.5
348	-5391	2627
349	-5389.25	2642.5
350	-5387.5	2653.5
351	-5385.75	2662.5
352	-5384	2666
353	-5382.25	2675.5
354	-5380.5	2682.5
355	-5378.75	2685
356	-5377	2695
357	-5375.25	2707.5
358	-5373.5	2719
359	-5371.75	2728
360	-5370	2740
361	-5368.25	2744
362	-5366.5	2755.5
363	-5364.75	2760.5
364	-5363	2767.5
365	-5361.25	2775.5
366	-5359.5	2783.5
367	-5357.75	2793.5
368	-5356	2799
369	-5354.25	2801
370	-5352.5	2808.5
371	-5350.75	2810.5
372	-5349	2816
373	-5347.25	2823
374	-5345.5	2829
375	-5343.75	2839
376	-5342	2852.5
377	-5340.25	2859
378	-5338.5	2867
379	-5336.75	2874.5
380	-5335	2880
381	-5333.25	2888.5
382	-5331.5	2892.5
383	-5329.75	2900
384	-5328	2905
385	-5326.25	2912
386	-5324.5	2917.5
387	-5322.75	2922
388	-5321	2926
389	-5319.25	2934
390	-5317.5	2933
391	-5315.75	2939
392	-5314	2940
393	-5312.25	2941
394	-5310.5	2942.5
395	-5308.75	2945
396	-5307	2948.5
397	-5305.25	2946
398	-5303.5	2946
399	-5301.75	2943
400	-5300	2941
401	-5298.25	2940
402	-5296.5	2944.5
403	-5294.75	2946
404	-5293	2949
405	-5291.25	2950.5
406	-5289.5	2952.5
407	-5287.75	2952
408	-5286	2954
409	-5284.25	2959.5
410	-5282.5	2956
411	-5280.75	2956.5
412	-5279	2965
413	-5277.25	2956
414	-5482.5	2953
415	-5481.25	2965.5
416	-5480	2973
417	-5478.75	2983.5
418	-5477.5	3000.5
419	-5476.25	3007.5
420	-5475	3015.5
421	-5473.75	3024.5
422	-5472.5	3030.5
423	-5471.25	3044
424	-5470	3056.5
425	-5468.75	3063
426	-5467.5	3075.5
427	-5466.25	3090
428	-5465	3099.5
429	-5463.75	3112.5
430	-5462.5	3119
431	-5461.25	3128.5
432	-5460	3138.5
433	-5458.75	3135
434	-5457.5	3138
435	-5456.25	3146.5
436	-5455	3155
437	-5453.75	3163.5
438	-5452.5	3173
439	-5451.25	3181.5
440	-5450	3190.5
441	-5448.75	3197
442	-5447.5	3205
443	-5446.25	3213
444	-5445	3217
445	-5443.75	3225
446	-5442.5	3229.5
447	-5441.25	3233.5
448	-5440	3238
449	-5438.75	3244
450	-5437.5	3247
451	-5436.25	3251
452	-5435	3256
453	-5433.75	3257
454	-5432.5	3267
455	-5431.25	3270
456	-5430	3272.5
457	-5428.75	3277
458	-5427.5	3284
459	-5426.25	3287
460	-5425	3295
461	-5423.75	3299
462	-5422.5	3303
463	-5421.25	3306
464	-5420	3312
465	-5418.75	3323.5
466	-5417.5	3329.5
467	-5416.25	3333
468	-5415	3340.5
469	-5413.75	3347.5
470	-5412.5	3355
471	-5411.25	3357
472	-5410	3369
473	-5408.75	3375.5
474	-5407.5	3377.5
475	-5406.25	3382
476	-5405	3391.5
477	-5403.75	3400.5
478	-5402.5	3413.5
479	-5401.25	3414
480	-5400	3422
481	-5398.75	3426
482	-5397.5	3433.5
483	-5396.25	3442.5
484	-5395	3449.5
485	-5393.75	3455.5
486	-5392.5	3461
487	-5391.25	3466.5
488	-5390	3473.5
489	-5388.75	3483
490	-5387.5	3492.5
491	-5386.25	3493
492	-5385	3492.5
493	-5383.75	3499.5
494	-5382.5	3502.5
495	-5381.25	3512.5
496	-5380	3513
497	-5378.75	3514.5
498	-5377.5	3516.5
499	-5376.25	3521.5
500	-5375	3519
