0	0.55097
0.02	0.919841
0.04	1.07858
0.06	1.04216
0.08	0.850269
0.1	0.567115
0.12	0.3408
0.14	0.398562
0.16	0.87636
0.18	1.67835
0.2	2.54966
0.22	3.22463
0.24	3.54651
0.26	3.59191
0.28	3.69984
0.3	4.21642
0.32	5.14335
0.34	6.12718
0.36	6.82923
0.38	7.22276
0.4	7.50742
0.42	7.87331
0.44	8.35393
0.46	8.82857
0.48	9.16078
0.5	9.32763
0.52	9.42375
0.54	9.54907
0.56	9.70832
0.58	9.79373
0.6	9.70654
0.62	9.49691
0.64	9.29548
0.66	9.15519
0.68	9.00399
0.7	8.71809
0.72	8.23373
0.74	7.5992
0.76	6.97256
0.78	6.53023
0.8	6.33845
0.82	6.28375
0.84	6.1442
0.86	5.79406
0.88	5.3421
0.9	5.04318
0.92	5.06411
0.94	5.35037
0.96	5.73128
0.98	6.08146
1	6.35702
1.02	6.50946
1.04	6.44767
1.06	6.12393
1.08	5.62057
1.1	5.13961
1.12	4.86634
1.14	4.84652
1.16	5.0166
1.18	5.31069
1.2	5.69969
1.22	6.12469
1.24	6.43986
1.26	6.49237
1.28	6.22809
1.3	5.74915
1.32	5.31316
1.34	5.19827
1.36	5.47314
1.38	5.94477
1.4	6.40097
1.42	6.79814
1.44	7.1567
1.46	7.40178
1.48	7.39653
1.5	7.11466
1.52	6.68294
1.54	6.29393
1.56	6.08947
1.58	6.0888
1.6	6.23036
1.62	6.46146
1.64	6.75734
1.66	7.08902
1.68	7.44372
1.7	7.85672
1.72	8.36741
1.74	8.95444
1.76	9.49971
1.78	9.83332
1.8	9.85975
1.82	9.6292
1.84	9.27522
1.86	8.95559
1.88	8.81946
1.9	8.90676
1.92	9.07112
1.94	9.11004
1.96	8.9662
1.98	8.72752
2	8.48851
2.02	8.28833
2.04	8.13476
2.06	8.02511
2.08	7.97782
2.1	8.05842
2.12	8.32905
2.14	8.76903
2.16	9.29707
2.18	9.81908
2.2	10.2267
2.22	10.4381
2.24	10.5145
2.26	10.656
2.28	10.9723
2.3	11.3451
2.32	11.6128
2.34	11.7806
2.36	11.9831
2.38	12.3478
2.4	12.9316
2.42	13.6714
2.44	14.3554
2.46	14.7283
2.48	14.6766
2.5	14.315
2.52	13.8783
2.54	13.536
2.56	13.3149
2.58	13.166
2.6	13.016
2.62	12.7802
2.64	12.4183
2.66	11.9872
2.68	11.526
2.7	10.9508
2.72	10.1689
2.74	9.25625
2.76	8.41898
2.78	7.79671
2.8	7.38306
2.82	7.12833
2.84	7.01336
2.86	6.98677
2.88	6.88003
2.9	6.48614
2.92	5.75815
2.94	4.90186
2.96	4.2151
2.98	3.85136
3	3.74874
3.02	3.73004
3.04	3.64672
3.06	3.43344
3.08	3.06467
3.1	2.54324
3.12	1.96776
3.14	1.49709
3.16	1.1922
3.18	0.977693
3.2	0.784859
3.22	0.644693
3.24	0.648334
3.26	0.865503
3.28	1.28602
3.3	1.79359
3.32	2.2123
3.34	2.41394
3.36	2.40734
3.38	2.27005
3.4	2.02997
3.42	1.68081
3.44	1.31022
3.46	1.10959
3.48	1.21873
3.5	1.58868
3.52	1.97762
3.54	2.13158
3.56	2.00023
3.58	1.78676
3.6	1.74133
3.62	1.92003
3.64	2.1911
3.66	2.38491
3.68	2.40636
3.7	2.2381
3.72	1.90558
3.74	1.51234
3.76	1.26956
3.78	1.42396
3.8	2.03046
3.82	2.85459
3.84	3.59962
3.86	4.13054
3.88	4.43535
3.9	4.49153
3.92	4.30407
3.94	4.0245
3.96	3.8698
3.98	3.9093
4	4.01196
4.02	4.0153
4.04	3.89337
4.06	3.71987
4.08	3.58059
4.1	3.55609
4.12	3.66184
4.14	3.76617
4.16	3.68284
4.18	3.39259
4.2	3.06298
4.22	2.82034
4.24	2.61023
4.26	2.36741
4.28	2.20477
4.3	2.28816
4.32	2.6107
4.34	2.9975
4.36	3.26983
4.38	3.34874
4.4	3.25364
4.42	3.0356
4.44	2.73618
4.46	2.43338
4.48	2.29282
4.5	2.48275
4.52	3.04214
4.54	3.84591
4.56	4.65718
4.58	5.27481
4.6	5.65163
4.62	5.87522
4.64	6.05123
4.66	6.20064
4.68	6.2744
4.7	6.24732
4.72	6.17877
4.74	6.11053
4.76	5.96385
4.78	5.68779
4.8	5.47639
4.82	5.66893
4.84	6.33065
4.86	7.1321
4.88	7.72919
4.9	8.10876
4.92	8.47233
4.94	8.93603
4.96	9.44591
4.98	9.89277
5	10.2272
5.02	10.4684
5.04	10.6245
5.06	10.6702
5.08	10.6204
5.1	10.5624
5.12	10.5792
5.14	10.6862
5.16	10.8585
5.18	11.0398
5.2	11.1394
5.22	11.0879
5.24	10.8981
5.26	10.6145
5.28	10.2422
5.3	9.79524
5.32	9.3806
5.34	9.12397
5.36	9.04996
5.38	9.09432
5.4	9.19905
5.42	9.30294
5.44	9.31766
5.46	9.17128
5.48	8.89959
5.5	8.65683
5.52	8.62096
5.54	8.88278
5.56	9.3759
5.58	9.88099
5.6	10.1512
5.62	10.0592
5.64	9.64669
5.66	9.0391
5.68	8.34631
5.7	7.61082
5.72	6.82192
5.74	5.96934
5.76	5.0959
5.78	4.32964
5.8	3.83353
5.82	3.68458
5.84	3.818
5.86	4.09391
5.88	4.40338
5.9	4.68466
5.92	4.90815
5.94	5.04999
5.96	5.04072
5.98	4.78898
6	4.28214
6.02	3.63118
6.04	2.99621
6.06	2.53891
6.08	2.39236
6.1	2.598
6.12	3.06904
6.14	3.6332
6.16	4.12652
6.18	4.48706
6.2	4.74857
6.22	4.94843
6.24	5.0491
6.26	4.98045
6.28	4.69955
6.3	4.24162
6.32	3.72758
6.34	3.34199
6.36	3.24503
6.38	3.4956
6.4	4.03167
6.42	4.73771
6.44	5.48485
6.46	6.14418
6.48	6.62697
6.5	6.95149
6.52	7.19431
6.54	7.40134
6.56	7.58512
6.58	7.77586
6.6	7.95121
6.62	7.98592
6.64	7.75154
6.66	7.26944
6.68	6.70976
6.7	6.27993
6.72	6.1188
6.74	6.25642
6.76	6.61971
6.78	7.07403
6.8	7.47769
6.82	7.72839
6.84	7.75691
6.86	7.5324
6.88	7.12939
6.9	6.74477
6.92	6.58086
6.94	6.69906
6.96	6.99292
6.98	7.27499
7	7.40338
7.02	7.375
7.04	7.28654
7.06	7.17663
7.08	6.96345
7.1	6.56945
7.12	6.05209
7.14	5.53213
7.16	5.04492
7.18	4.55104
7.2	4.05694
7.22	3.62233
7.24	3.26692
7.26	2.96397
7.28	2.71867
7.3	2.56056
7.32	2.46985
7.34	2.38441
7.36	2.2299
7.38	1.98299
7.4	1.74417
7.42	1.67639
7.44	1.85758
7.46	2.22488
7.48	2.63776
7.5	2.9524
7.52	3.11671
7.54	3.24604
7.56	3.50628
7.58	3.93255
7.6	4.44345
7.62	4.99832
7.64	5.58634
7.66	6.09883
7.68	6.38284
7.7	6.40951
7.72	6.27307
7.74	6.05682
7.76	5.7906
7.78	5.50796
7.8	5.27783
7.82	5.15797
7.84	5.11272
7.86	5.02883
7.88	4.87814
7.9	4.83334
7.92	5.10819
7.94	5.71586
7.96	6.42575
7.98	6.96707
8	7.27183
8.02	7.53977
8.04	7.99722
8.06	8.60423
8.08	9.0777
8.1	9.20873
8.12	9.03756
8.14	8.71311
8.16	8.2953
8.18	7.77235
8.2	7.19152
8.22	6.66009
8.24	6.23908
8.26	5.97636
8.28	5.94498
8.3	6.15056
8.32	6.48088
8.34	6.81745
8.36	7.11765
8.38	7.38539
8.4	7.6093
8.42	7.77319
8.44	7.89232
8.46	8.00661
8.48	8.11109
8.5	8.12777
8.52	7.97823
8.54	7.67116
8.56	7.32847
8.58	7.11835
8.6	7.09878
8.62	7.14069
8.64	7.06544
8.66	6.82498
8.68	6.46966
8.7	6.05269
8.72	5.64813
8.74	5.3717
8.76	5.29986
8.78	5.39927
8.8	5.55509
8.82	5.62319
8.84	5.51648
8.86	5.30183
8.88	5.15462
8.9	5.17345
8.92	5.27519
8.94	5.31597
8.96	5.28924
8.98	5.3564
9	5.68283
9.02	6.29437
9.04	7.07798
9.06	7.84528
9.08	8.40047
9.1	8.64578
9.12	8.64585
9.14	8.52221
9.16	8.305
9.18	7.93762
9.2	7.40757
9.22	6.82833
9.24	6.37057
9.26	6.14059
9.28	6.14361
9.3	6.36081
9.32	6.80822
9.34	7.45554
9.36	8.16677
9.38	8.77155
9.4	9.18681
9.42	9.45883
9.44	9.71398
9.46	10.0435
9.48	10.3626
9.5	10.4261
9.52	10.0516
9.54	9.2934
9.56	8.38845
9.58	7.58351
9.6	7.0058
9.62	6.62386
9.64	6.32002
9.66	5.98135
9.68	5.5328
9.7	4.91851
9.72	4.1405
9.74	3.33625
9.76	2.6816
9.78	2.20851
9.8	1.805
9.82	1.38683
9.84	1.01158
9.86	0.803539
9.88	0.805693
9.9	0.918216
9.92	0.960255
9.94	0.773811
9.96	0.283145
9.98	-0.479022
10	-1.40006
