# Modes from peak histogram of pac_topo.txt as function of histogram widths
# width mode count
1 -5156.5 25
2 -5173 38
3 -5173.5 53
4 -5174 63
5 -5157.5 83
6 -5157 97
7 -5156.5 117
8 -5156 126
9 -5158.5 137
10 -5155 147
11 -5158.5 166
12 -5154 175
13 -5161.5 186
14 -5153 193
15 -5152.5 207
16 -5160 231
17 -5158.5 250
18 -5163 248
19 -5173.5 255
20 -5170 263
21 -5170.5 279
22 -5175 297
23 -5160.5 324
24 -5172 318
25 -5162.5 346
26 -5181 326
27 -5176.5 373
28 -5174 386
29 -5173.5 401
30 -5175 414
31 -5178.5 416
32 -5184 394
33 -5158.5 411
34 -5167 441
35 -5177.5 478
36 -5154 420
37 -5167.5 470
38 -5183 488
39 -5161.5 480
40 -5180 527
41 -5159.5 494
42 -5181 549
43 -5161.5 520
44 -5186 557
45 -5167.5 554
46 -5195 523
47 -5177.5 599
48 -5160 561
49 -5191.5 600
50 -5175 633
51 -5158.5 582
52 -5194 615
53 -5178.5 661
54 -5163 619
55 -5202.5 604
56 -5188 681
57 -5173.5 690
58 -5159 641
59 -5203.5 654
60 -5190 714
61 -5176.5 746
62 -5163 683
63 -5212.5 651
64 -5200 736
65 -5187.5 771
66 -5175 785
67 -5162.5 715
68 -5218 690
69 -5206.5 770
70 -5195 797
71 -5183.5 832
72 -5172 802
73 -5160.5 738
74 -5223 749
75 -5212.5 813
76 -5202 840
77 -5191.5 883
78 -5181 889
79 -5170.5 834
80 -5160 790
81 -5230.5 797
82 -5221 863
83 -5211.5 887
84 -5202 918
85 -5192.5 952
86 -5183 950
87 -5173.5 917
88 -5164 862
89 -5243.5 815
90 -5235 890
91 -5226.5 941
92 -5218 971
93 -5209.5 987
94 -5201 1014
95 -5192.5 1024
96 -5184 1008
97 -5175.5 997
98 -5167 937
99 -5158.5 915
100 -5250 913
101 -5242.5 1000
102 -5235 1025
103 -5227.5 1057
104 -5220 1080
105 -5212.5 1096
106 -5205 1101
107 -5197.5 1108
108 -5190 1107
109 -5182.5 1093
110 -5175 1077
111 -5167.5 1053
112 -5160 1020
113 -5152.5 986
114 -5259 1040
115 -5252.5 1105
116 -5246 1128
117 -5239.5 1170
118 -5233 1188
119 -5226.5 1209
120 -5220 1215
121 -5213.5 1207
122 -5207 1204
123 -5200.5 1205
124 -5194 1198
125 -5187.5 1218
126 -5181 1231
127 -5174.5 1211
128 -5168 1195
129 -5161.5 1165
130 -5155 1120
131 -5279.5 1109
132 -5274 1170
133 -5268.5 1219
134 -5263 1243
135 -5257.5 1276
136 -5252 1301
137 -5246.5 1335
138 -5241 1349
139 -5235.5 1359
140 -5230 1358
141 -5224.5 1359
142 -5219 1356
143 -5213.5 1339
144 -5208 1352
145 -5202.5 1369
146 -5197 1383
147 -5191.5 1405
148 -5186 1409
149 -5180.5 1399
150 -5175 1387
151 -5169.5 1346
152 -5164 1321
153 -5158.5 1282
154 -5153 1232
155 -5302.5 1268
156 -5298 1310
157 -5293.5 1347
158 -5289 1354
159 -5284.5 1399
160 -5280 1427
161 -5275.5 1460
162 -5271 1485
163 -5266.5 1503
164 -5262 1512
165 -5257.5 1522
166 -5253 1523
167 -5248.5 1544
168 -5244 1548
169 -5239.5 1548
170 -5235 1553
171 -5230.5 1575
172 -5226 1586
173 -5221.5 1590
174 -5217 1613
175 -5212.5 1607
176 -5208 1609
177 -5203.5 1609
178 -5199 1619
179 -5194.5 1617
180 -5190 1622
181 -5185.5 1594
182 -5181 1588
183 -5176.5 1576
184 -5172 1540
185 -5167.5 1515
186 -5163 1489
187 -5158.5 1471
188 -5342 1436
189 -5338.5 1477
190 -5335 1510
191 -5331.5 1544
192 -5328 1566
193 -5324.5 1580
194 -5321 1594
195 -5317.5 1620
196 -5314 1642
197 -5310.5 1661
198 -5307 1684
199 -5303.5 1706
200 -5300 1721
201 -5296.5 1729
202 -5293 1730
203 -5289.5 1728
204 -5286 1745
205 -5282.5 1752
206 -5279 1767
207 -5275.5 1772
208 -5272 1796
209 -5268.5 1820
210 -5265 1841
211 -5261.5 1839
212 -5258 1860
213 -5254.5 1881
214 -5251 1894
215 -5247.5 1904
216 -5244 1908
217 -5240.5 1919
218 -5237 1926
219 -5233.5 1920
220 -5230 1924
221 -5226.5 1909
222 -5223 1914
223 -5219.5 1897
224 -5216 1893
225 -5212.5 1889
226 -5209 1885
227 -5205.5 1889
228 -5202 1885
229 -5198.5 1889
230 -5195 1878
231 -5191.5 1882
232 -5188 1882
233 -5184.5 1867
234 -5181 1868
235 -5177.5 1849
236 -5174 1828
237 -5170.5 1785
238 -5167 1779
239 -5402.5 1796
240 -5400 1808
241 -5397.5 1840
242 -5395 1879
243 -5392.5 1917
244 -5390 1948
245 -5387.5 1983
246 -5385 2000
247 -5382.5 2024
248 -5380 2032
249 -5377.5 2050
250 -5375 2071
251 -5372.5 2084
252 -5370 2100
253 -5367.5 2112
254 -5365 2124
255 -5362.5 2134
256 -5360 2142
257 -5357.5 2145
258 -5355 2150
259 -5352.5 2153
260 -5350 2150
261 -5347.5 2149
262 -5345 2147
263 -5342.5 2144
264 -5340 2149
265 -5337.5 2139
266 -5335 2141
267 -5332.5 2147
268 -5330 2163
269 -5327.5 2174
270 -5325 2192
271 -5322.5 2189
272 -5320 2194
273 -5317.5 2220
274 -5315 2229
275 -5312.5 2241
276 -5310 2251
277 -5307.5 2256
278 -5305 2268
279 -5302.5 2282
280 -5300 2298
281 -5297.5 2297
282 -5295 2297
283 -5292.5 2301
284 -5290 2291
285 -5287.5 2297
286 -5285 2298
287 -5282.5 2300
288 -5280 2313
289 -5277.5 2316
290 -5275 2326
291 -5272.5 2331
292 -5270 2344
293 -5267.5 2348
294 -5265 2362
295 -5262.5 2353
296 -5260 2349
297 -5257.5 2353
298 -5255 2356
299 -5252.5 2363
300 -5250 2363
301 -5247.5 2369
302 -5245 2367
303 -5242.5 2369
304 -5240 2371
305 -5237.5 2363
306 -5235 2363
307 -5232.5 2364
308 -5230 2371
309 -5227.5 2365
310 -5225 2370
311 -5222.5 2379
312 -5220 2371
313 -5217.5 2379
314 -5215 2373
315 -5212.5 2369
316 -5210 2376
317 -5207.5 2364
318 -5205 2364
319 -5202.5 2359
320 -5200 2364
321 -5197.5 2364
322 -5195 2356
323 -5192.5 2361
324 -5190 2364
325 -5187.5 2365
326 -5185 2353
327 -5182.5 2352
328 -5180 2346
329 -5177.5 2342
330 -5175 2333
331 -5172.5 2302
332 -5170 2290
333 -5167.5 2285
334 -5499 2281
335 -5497.5 2310
336 -5496 2323
337 -5494.5 2348
338 -5493 2375
339 -5491.5 2413
340 -5490 2436
341 -5488.5 2471
342 -5487 2493
343 -5485.5 2524
344 -5484 2542
345 -5482.5 2577
346 -5481 2584
347 -5479.5 2594
348 -5478 2609
349 -5476.5 2626
350 -5475 2645
351 -5473.5 2663
352 -5472 2676
353 -5470.5 2696
354 -5469 2710
355 -5467.5 2723
356 -5466 2739
357 -5464.5 2754
358 -5463 2767
359 -5461.5 2778
360 -5460 2787
361 -5458.5 2798
362 -5457 2808
363 -5455.5 2812
364 -5454 2821
365 -5452.5 2825
366 -5451 2834
367 -5449.5 2848
368 -5448 2857
369 -5446.5 2859
370 -5445 2874
371 -5443.5 2878
372 -5442 2886
373 -5440.5 2895
374 -5439 2906
375 -5437.5 2927
376 -5436 2943
377 -5434.5 2955
378 -5433 2970
379 -5431.5 2972
380 -5430 2979
381 -5428.5 2999
382 -5427 3012
383 -5425.5 3028
384 -5424 3037
385 -5422.5 3053
386 -5421 3067
387 -5419.5 3074
388 -5418 3078
389 -5416.5 3086
390 -5415 3092
391 -5413.5 3105
392 -5412 3113
393 -5410.5 3122
394 -5409 3124
395 -5407.5 3127
396 -5406 3141
397 -5404.5 3138
398 -5403 3140
399 -5401.5 3137
400 -5400 3136
401 -5398.5 3140
402 -5397 3146
403 -5395.5 3148
404 -5394 3152
405 -5392.5 3155
406 -5391 3159
407 -5389.5 3159
408 -5388 3162
409 -5386.5 3173
410 -5385 3174
411 -5383.5 3176
412 -5382 3184
413 -5380.5 3180
414 -5379 3176
415 -5377.5 3178
416 -5376 3183
417 -5374.5 3186
418 -5373 3197
419 -5371.5 3191
420 -5370 3191
421 -5368.5 3192
422 -5367 3186
423 -5365.5 3183
424 -5364 3183
425 -5362.5 3178
426 -5361 3182
427 -5359.5 3182
428 -5358 3184
429 -5356.5 3187
430 -5355 3186
431 -5353.5 3191
432 -5352 3199
433 -5350.5 3187
434 -5349 3191
435 -5347.5 3194
436 -5346 3193
437 -5344.5 3190
438 -5343 3190
439 -5341.5 3195
440 -5340 3199
441 -5338.5 3195
442 -5337 3200
443 -5335.5 3197
444 -5334 3193
445 -5332.5 3192
446 -5331 3194
447 -5329.5 3192
448 -5328 3194
449 -5326.5 3198
450 -5325 3201
451 -5323.5 3202
452 -5322 3202
453 -5320.5 3200
454 -5319 3211
455 -5317.5 3214
456 -5316 3219
457 -5314.5 3217
458 -5313 3219
459 -5311.5 3219
460 -5310 3225
461 -5308.5 3230
462 -5307 3232
463 -5305.5 3236
464 -5304 3243
465 -5302.5 3259
466 -5301 3265
467 -5299.5 3260
468 -5298 3264
469 -5296.5 3265
470 -5295 3264
471 -5293.5 3262
472 -5292 3268
473 -5290.5 3264
474 -5289 3265
475 -5287.5 3270
476 -5286 3278
477 -5284.5 3280
478 -5283 3289
479 -5281.5 3283
480 -5280 3288
481 -5278.5 3282
482 -5277 3288
483 -5275.5 3298
484 -5274 3306
485 -5272.5 3310
486 -5271 3310
487 -5269.5 3315
488 -5268 3324
489 -5266.5 3329
490 -5265 3340
491 -5263.5 3335
492 -5262 3337
493 -5260.5 3342
494 -5259 3349
495 -5257.5 3357
496 -5256 3360
497 -5254.5 3364
498 -5253 3363
499 -5251.5 3362
500 -5250 3359
