1	-5156
2	-5156
3	-5156
4	-5156
5	-5156
6	-5156
7	-5156
8	-5156
9	-5156
10	-5156
11	-5156
12	-5156
13	-5156
14	-5156
15	-5157
16	-5157
17	-5156
18	-5156
19	-5156
20	-5156
21	-5156
22	-5156
23	-5156
24	-5156
25	-5156
26	-5156
27	-5156
28	-5156
29	-5156
30	-5156
31	-5157
32	-5157
33	-5158
34	-5158
35	-5159
36	-5159
37	-5156
38	-5156
39	-5157
40	-5161
41	-5157
42	-5157
43	-5159
44	-5159
45	-5160
46	-5160
47	-5161
48	-5161
49	-5166
50	-5166
51	-5167
52	-5167
53	-5168
54	-5168
55	-5175
56	-5175
57	-5175
58	-5175
59	-5176
60	-5176
61	-5173
62	-5173
63	-5173
64	-5173
65	-5175
66	-5175
67	-5175
68	-5175
69	-5176
70	-5176
71	-5173
72	-5173
73	-5175
74	-5175
75	-5175
76	-5175
77	-5176
78	-5176
79	-5176
80	-5176
81	-5177
82	-5177
83	-5176
84	-5176
85	-5179
86	-5179
87	-5181
88	-5181
89	-5181
90	-5181
91	-5182
92	-5182
93	-5181
94	-5181
95	-5176
96	-5176
97	-5176
98	-5175
99	-5176
100	-5176
101	-5176
102	-5176
103	-5176
104	-5176
105	-5176
106	-5176
107	-5176
108	-5176
109	-5179
110	-5179
111	-5176
112	-5176
113	-5176
114	-5176
115	-5176
116	-5176
117	-5177
118	-5177
119	-5175
120	-5175
121	-5176
122	-5176
123	-5176
124	-5176
125	-5176
126	-5181
127	-5176
128	-5176
129	-5176
130	-5176
131	-5176
132	-5176
133	-5177
134	-5177
135	-5178
136	-5178
137	-5179
138	-5176
139	-5181
140	-5181
141	-5181
142	-5181
143	-5182
144	-5182
145	-5183
146	-5183
147	-5181
148	-5181
149	-5182
150	-5182
151	-5186
152	-5186
153	-5188
154	-5188
155	-5188
156	-5188
157	-5189
158	-5189
159	-5190
160	-5190
161	-5188
162	-5188
163	-5189
164	-5189
165	-5188
166	-5188
167	-5189
168	-5189
169	-5190
170	-5190
171	-5191
172	-5191
173	-5188
174	-5188
175	-5189
176	-5189
177	-5190
178	-5190
179	-5197
180	-5191
181	-5188
182	-5188
183	-5197
184	-5197
185	-5197
186	-5197
187	-5189
188	-5189
189	-5197
190	-5197
191	-5197
192	-5197
193	-5197
194	-5197
195	-5197
196	-5197
197	-5197
198	-5197
199	-5197
200	-5197
201	-5197
202	-5197
203	-5197
204	-5197
205	-5210
206	-5210
207	-5205
208	-5205
209	-5210
210	-5210
211	-5217
212	-5217
213	-5217
214	-5217
215	-5218
216	-5218
217	-5219
218	-5219
219	-5217
220	-5217
221	-5221
222	-5221
223	-5222
224	-5222
225	-5223
226	-5223
227	-5221
228	-5221
229	-5222
230	-5222
231	-5223
232	-5223
233	-5222
234	-5222
235	-5223
236	-5223
237	-5223
238	-5223
239	-5222
240	-5222
241	-5222
242	-5222
243	-5223
244	-5223
245	-5224
246	-5224
247	-5229
248	-5229
249	-5222
250	-5222
251	-5231
252	-5231
253	-5222
254	-5222
255	-5238
256	-5238
257	-5239
258	-5239
259	-5240
260	-5240
261	-5238
262	-5238
263	-5239
264	-5239
265	-5238
266	-5238
267	-5239
268	-5239
269	-5240
270	-5240
271	-5240
272	-5240
273	-5238
274	-5238
275	-5239
276	-5239
277	-5240
278	-5240
279	-5240
280	-5240
281	-5238
282	-5238
283	-5238
284	-5238
285	-5240
286	-5240
287	-5240
288	-5240
289	-5240
290	-5240
291	-5242
292	-5242
293	-5242
294	-5242
295	-5240
296	-5240
297	-5240
298	-5240
299	-5240
300	-5240
301	-5240
302	-5240
303	-5188
304	-5242
305	-5189
306	-5189
307	-5190
308	-5190
309	-5188
310	-5188
311	-5240
312	-5240
313	-5238
314	-5238
315	-5239
316	-5239
317	-5240
318	-5240
319	-5240
320	-5240
321	-5197
322	-5197
323	-5197
324	-5197
325	-5197
326	-5197
327	-5197
328	-5197
329	-5198
330	-5198
331	-5221
332	-5221
333	-5210
334	-5210
335	-5222
336	-5222
337	-5223
338	-5223
339	-5223
340	-5223
341	-5210
342	-5210
343	-5217
344	-5217
345	-5217
346	-5217
347	-5217
348	-5217
349	-5218
350	-5218
351	-5219
352	-5219
353	-5220
354	-5220
355	-5221
356	-5221
357	-5222
358	-5222
359	-5223
360	-5223
361	-5223
362	-5223
363	-5222
364	-5222
365	-5222
366	-5222
367	-5222
368	-5222
369	-5221
370	-5221
371	-5222
372	-5222
373	-5223
374	-5223
375	-5223
376	-5223
377	-5222
378	-5222
379	-5223
380	-5223
381	-5224
382	-5224
383	-5235
384	-5235
385	-5229
386	-5229
387	-5230
388	-5230
389	-5238
390	-5238
391	-5239
392	-5239
393	-5240
394	-5240
395	-5231
396	-5231
397	-5235
398	-5235
399	-5238
400	-5238
401	-5237
402	-5237
403	-5238
404	-5238
405	-5239
406	-5239
407	-5240
408	-5240
409	-5238
410	-5238
411	-5239
412	-5239
413	-5240
414	-5240
415	-5241
416	-5241
417	-5242
418	-5242
419	-5243
420	-5243
421	-5244
422	-5244
423	-5245
424	-5245
425	-5246
426	-5246
427	-5247
428	-5247
429	-5248
430	-5248
431	-5237
432	-5237
433	-5238
434	-5238
435	-5239
436	-5239
437	-5240
438	-5240
439	-5240
440	-5240
441	-5240
442	-5240
443	-5240
444	-5240
445	-5240
446	-5240
447	-5242
448	-5242
449	-5240
450	-5240
451	-5240
452	-5240
453	-5242
454	-5242
455	-5245
456	-5245
457	-5246
458	-5246
459	-5247
460	-5247
461	-5248
462	-5248
463	-5247
464	-5247
465	-5247
466	-5247
467	-5251
468	-5251
469	-5254
470	-5254
471	-5251
472	-5251
473	-5254
474	-5254
475	-5255
476	-5255
477	-5254
478	-5254
479	-5254
480	-5254
481	-5258
482	-5258
483	-5262
484	-5262
485	-5264
486	-5264
487	-5265
488	-5265
489	-5265
490	-5265
491	-5265
492	-5265
493	-5265
494	-5265
495	-5265
496	-5265
497	-5266
498	-5266
499	-5265
500	-5265
501	-5265
502	-5265
503	-5269
504	-5269
505	-5270
506	-5270
507	-5269
508	-5269
509	-5270
510	-5270
511	-5270
512	-5270
513	-5267
514	-5267
515	-5267
516	-5267
517	-5269
518	-5269
519	-5270
520	-5270
521	-5373
522	-5373
523	-5373
524	-5373
525	-5373
526	-5373
527	-5373
528	-5373
529	-5373
530	-5373
531	-5373
532	-5373
533	-5373
534	-5373
535	-5373
536	-5373
537	-5373
538	-5373
539	-5373
540	-5373
541	-5373
542	-5373
543	-5373
544	-5373
545	-5373
546	-5373
547	-5373
548	-5373
549	-5373
550	-5373
551	-5373
552	-5373
553	-5373
554	-5373
555	-5373
556	-5373
557	-5384
558	-5384
559	-5373
560	-5373
561	-5373
562	-5373
563	-5384
564	-5384
565	-5384
566	-5384
567	-5385
568	-5385
569	-5386
570	-5386
571	-5387
572	-5387
573	-5384
574	-5384
575	-5384
576	-5384
577	-5384
578	-5384
579	-5387
580	-5387
581	-5396
582	-5396
583	-5397
584	-5397
585	-5394
586	-5394
587	-5395
588	-5395
589	-5396
590	-5396
591	-5397
592	-5397
593	-5398
594	-5398
595	-5395
596	-5395
597	-5396
598	-5396
599	-5397
600	-5397
601	-5397
602	-5397
603	-5397
604	-5397
605	-5398
606	-5398
607	-5396
608	-5396
609	-5397
610	-5397
611	-5402
612	-5402
613	-5402
614	-5402
615	-5403
616	-5403
617	-5405
618	-5405
619	-5405
620	-5405
621	-5406
622	-5406
623	-5396
624	-5396
625	-5373
626	-5373
627	-5373
628	-5373
629	-5373
630	-5373
631	-5373
632	-5373
633	-5373
634	-5373
635	-5373
636	-5373
637	-5373
638	-5373
639	-5373
640	-5373
641	-5373
642	-5373
643	-5365
644	-5365
645	-5366
646	-5366
647	-5367
648	-5367
649	-5368
650	-5368
651	-5369
652	-5369
653	-5370
654	-5370
655	-5373
656	-5373
657	-5373
658	-5373
659	-5373
660	-5373
661	-5373
662	-5373
663	-5373
664	-5373
665	-5373
666	-5373
667	-5373
668	-5373
669	-5373
670	-5373
671	-5373
672	-5373
673	-5373
674	-5373
675	-5373
676	-5373
677	-5373
678	-5373
679	-5373
680	-5373
681	-5374
682	-5374
683	-5378
684	-5378
685	-5376
686	-5376
687	-5380
688	-5380
689	-5378
690	-5378
691	-5384
692	-5384
693	-5384
694	-5384
695	-5384
696	-5384
697	-5384
698	-5384
699	-5386
700	-5386
701	-5384
702	-5384
703	-5385
704	-5385
705	-5386
706	-5386
707	-5387
708	-5387
709	-5391
710	-5391
711	-5391
712	-5391
713	-5390
714	-5390
715	-5391
716	-5391
717	-5395
718	-5395
719	-5396
720	-5396
721	-5397
722	-5397
723	-5395
724	-5395
725	-5396
726	-5396
727	-5397
728	-5397
729	-5398
730	-5398
731	-5402
732	-5402
733	-5403
734	-5403
735	-5402
736	-5402
737	-5402
738	-5402
739	-5403
740	-5403
741	-5404
742	-5404
743	-5405
744	-5405
745	-5406
746	-5406
747	-5395
748	-5395
749	-5396
750	-5396
751	-5397
752	-5397
753	-5397
754	-5397
755	-5397
756	-5397
757	-5396
758	-5396
759	-5397
760	-5397
761	-5402
762	-5402
763	-5402
764	-5402
765	-5402
766	-5402
767	-5405
768	-5405
769	-5402
770	-5402
771	-5403
772	-5403
773	-5406
774	-5406
775	-5405
776	-5405
777	-5406
778	-5406
779	-5405
780	-5405
781	-5406
782	-5406
783	-5406
784	-5406
785	-5414
786	-5414
787	-5414
788	-5414
789	-5414
790	-5414
791	-5406
792	-5406
793	-5414
794	-5414
795	-5415
796	-5415
797	-5414
798	-5414
799	-5414
800	-5414
801	-5415
802	-5415
803	-5419
804	-5419
805	-5418
806	-5418
807	-5414
808	-5414
809	-5414
810	-5414
811	-5415
812	-5415
813	-5417
814	-5417
815	-5418
816	-5418
817	-5419
818	-5419
819	-5419
820	-5419
821	-5420
822	-5420
823	-5421
824	-5421
825	-5420
826	-5420
827	-5428
828	-5428
829	-5429
830	-5429
831	-5433
832	-5433
833	-5434
834	-5434
835	-5428
836	-5428
837	-5428
838	-5428
839	-5435
840	-5435
841	-5435
842	-5435
843	-5436
844	-5436
845	-5433
846	-5433
847	-5433
848	-5433
849	-5435
850	-5435
851	-5435
852	-5435
853	-5442
854	-5442
855	-5438
856	-5438
857	-5438
858	-5438
859	-5439
860	-5439
861	-5440
862	-5440
863	-5442
864	-5442
865	-5442
866	-5442
867	-5405
868	-5405
869	-5406
870	-5406
871	-5406
872	-5406
873	-5414
874	-5414
875	-5415
876	-5415
877	-5410
878	-5410
879	-5411
880	-5411
881	-5412
882	-5412
883	-5413
884	-5413
885	-5414
886	-5414
887	-5415
888	-5415
889	-5415
890	-5415
891	-5417
892	-5417
893	-5418
894	-5418
895	-5419
896	-5419
897	-5420
898	-5420
899	-5421
900	-5421
901	-5421
902	-5421
903	-5423
904	-5423
905	-5420
906	-5420
907	-5425
908	-5425
909	-5426
910	-5426
911	-5428
912	-5428
913	-5428
914	-5428
915	-5429
916	-5429
917	-5429
918	-5429
919	-5429
920	-5477.5
921	-5433
922	-5433
923	-5433
924	-5433
925	-5434
926	-5434
927	-5435
928	-5435
929	-5436
930	-5436
931	-5437
932	-5437
933	-5438
934	-5438
935	-5439
936	-5439
937	-5440
938	-5440
939	-5441
940	-5441
941	-5442
942	-5442
943	-5442
944	-5442
945	-5444
946	-5444
947	-5483
948	-5483
949	-5482
950	-5482
951	-5447
952	-5447
953	-5487
954	-5487.5
955	-5495
956	-5487.5
957	-5500
958	-5494.5
959	-5497
960	-5500.5
961	-5500
962	-5500.5
963	-5501
964	-5500.5
965	-5500
966	-5500.5
967	-5501
968	-5501
969	-5500
970	-5500.5
971	-5501
972	-5500.5
973	-5501
974	-5501
975	-5509
976	-5509
977	-5509
978	-5509
979	-5511
980	-5511.5
981	-5511
982	-5511.5
983	-5509
984	-5511.5
985	-5510
986	-5510.5
987	-5511
988	-5511.5
989	-5512
990	-5510.5
991	-5511
992	-5511.5
993	-5511
994	-5511.5
995	-5513
996	-5513
997	-5513
998	-5513
999	-5514
1000	-5514
1001	-5511
1002	-5511.5
1003	-5511
1004	-5511.5
1005	-5513
1006	-5513
1007	-5513
1008	-5513
1009	-5514
1010	-5514
1011	-5515
1012	-5515
1013	-5514
1014	-5514
1015	-5515
1016	-5515
1017	-5519
1018	-5519.5
1019	-5527
1020	-5527
1021	-5525
1022	-5525
1023	-5527
1024	-5527
1025	-5527
1026	-5527
1027	-5524
1028	-5524.5
1029	-5525
1030	-5524.5
1031	-5525
1032	-5525
1033	-5527
1034	-5527
1035	-5554
1036	-5554.5
1037	-5552
1038	-5552.5
1039	-5553
1040	-5553
1041	-5554
1042	-5554.5
1043	-5555
1044	-5555
1045	-5556
1046	-5556.5
1047	-5557
1048	-5557
1049	-5558
1050	-5546.5
1051	-5547
1052	-5546.5
1053	-5554
1054	-5554.5
1055	-5547
1056	-5546.5
1057	-5550
1058	-5546.5
1059	-5551
1060	-5551
1061	-5552
1062	-5552.5
1063	-5553
1064	-5553
1065	-5554
1066	-5554.5
1067	-5554
1068	-5554.5
1069	-5554
1070	-5554.5
1071	-5553
1072	-5553
1073	-5554
1074	-5554.5
1075	-5571
1076	-5571.5
1077	-5572
1078	-5572.5
1079	-5573
1080	-5573.5
1081	-5577
1082	-5574.5
1083	-5578
1084	-5578
1085	-5578
1086	-5578
1087	-5577
1088	-5577
1089	-5578
1090	-5578
1091	-5579
1092	-5579
1093	-5580
1094	-5580
1095	-5581
1096	-5581
1097	-5582
1098	-5582.5
1099	-5583
1100	-5583.5
1101	-5584
1102	-5584
1103	-5585
1104	-5585
1105	-5586
1106	-5586.5
1107	-5587
1108	-5587
1109	-5591
1110	-5591.5
1111	-5577
1112	-5591.5
1113	-5578
1114	-5578
1115	-5578
1116	-5591.5
1117	-5578
1118	-5578
1119	-5593
1120	-5593.5
1121	-5578
1122	-5578
1123	-5581
1124	-5581
1125	-5578
1126	-5578
1127	-5578
1128	-5578
1129	-5584
1130	-5586.5
1131	-5586
1132	-5586.5
1133	-5584
1134	-5584
1135	-5585
1136	-5585
1137	-5586
1138	-5586.5
1139	-5591
1140	-5591.5
1141	-5591
1142	-5591.5
1143	-5593
1144	-5591.5
1145	-5593
1146	-5593.5
1147	-5591
1148	-5591.5
1149	-5592
1150	-5593.5
1151	-5593
1152	-5593.5
1153	-5594
1154	-5591.5
1155	-5593
1156	-5593.5
1157	-5593
1158	-5593.5
1159	-5594
1160	-5594
1161	-5595
1162	-5591.5
1163	-5599
1164	-5599.5
1165	-5593
1166	-5593.5
1167	-5599
1168	-5599.5
1169	-5604
1170	-5604.5
1171	-5604
1172	-5603.5
1173	-5604
1174	-5604.5
1175	-5605
1176	-5603.5
1177	-5604
1178	-5604.5
1179	-5604
1180	-5604.5
1181	-5608
1182	-5610.5
1183	-5607
1184	-5610.5
1185	-5610
1186	-5610.5
1187	-5611
1188	-5611
1189	-5610
1190	-5610.5
1191	-5610
1192	-5610.5
1193	-5611
1194	-5612.5
1195	-5612
1196	-5612.5
1197	-5608
1198	-5610.5
1199	-5610
1200	-5610.5
1201	-5711
1202	-5711
1203	-5711
1204	-5712.5
1205	-5710
1206	-5710.5
1207	-5711
1208	-5711
1209	-5710
1210	-5710.5
1211	-5711
1212	-5711
1213	-5717
1214	-5714.5
1215	-5718
1216	-5718.5
1217	-5714
1218	-5714.5
1219	-5720
1220	-5720.5
1221	-5721
1222	-5722.5
1223	-5722
1224	-5722.5
1225	-5723
1226	-5722.5
1227	-5724
1228	-5721.5
1229	-5722
1230	-5722.5
1231	-5723
1232	-5722.5
1233	-5722
1234	-5722.5
1235	-5723
1236	-5722.5
1237	-5724
1238	-5724
1239	-5725
1240	-5722.5
1241	-5722
1242	-5722.5
1243	-5723
1244	-5723.5
1245	-5724
1246	-5724
1247	-5725
1248	-5726.5
1249	-5726
1250	-5722.5
1251	-5723
1252	-5722.5
1253	-5723
1254	-5722.5
1255	-5723
1256	-5723.5
1257	-5724
1258	-5726.5
1259	-5731
1260	-5726.5
1261	-5726
1262	-5726.5
1263	-5727
1264	-5727.5
1265	-5728
1266	-5728.5
1267	-5731
1268	-5731
1269	-5731
1270	-5731
1271	-5731
1272	-5731
1273	-5732
1274	-5732
1275	-5731
1276	-5722.5
1277	-5731
1278	-5731
1279	-5731
1280	-5731
1281	-5731
1282	-5722.5
1283	-5723
1284	-5722.5
1285	-5724
1286	-5724
1287	-5725
1288	-5725
1289	-5726
1290	-5726.5
1291	-5727
1292	-5726.5
1293	-5731
1294	-5728.5
1295	-5729
1296	-5729.5
1297	-5730
1298	-5730.5
1299	-5731
1300	-5731
1301	-5731
1302	-5731
1303	-5697
1304	-5697.5
1305	-5697
1306	-5697.5
1307	-5697
1308	-5697.5
1309	-5698
1310	-5698.5
1311	-5699
1312	-5699.5
1313	-5697
1314	-5697.5
1315	-5697
1316	-5697.5
1317	-5697
1318	-5697.5
1319	-5697
1320	-5697.5
1321	-5697
1322	-5697.5
1323	-5698
1324	-5698.5
1325	-5699
1326	-5699.5
1327	-5697
1328	-5697.5
1329	-5698
1330	-5698.5
1331	-5699
1332	-5722.5
1333	-5710
1334	-5722.5
1335	-5711
1336	-5722.5
1337	-5723
1338	-5722.5
1339	-5724
1340	-5713.5
1341	-5714
1342	-5714.5
1343	-5726
1344	-5715.5
1345	-5711
1346	-5711
1347	-5717
1348	-5717
1349	-5718
1350	-5718.5
1351	-5719
1352	-5719.5
1353	-5720
1354	-5720.5
1355	-5721
1356	-5722.5
1357	-5722
1358	-5722.5
1359	-5723
1360	-5723.5
1361	-5724
1362	-5724
1363	-5725
1364	-5722.5
1365	-5726
1366	-5722.5
1367	-5722
1368	-5722.5
1369	-5723
1370	-5722.5
1371	-5722
1372	-5722.5
1373	-5723
1374	-5722.5
1375	-5724
1376	-5722.5
1377	-5722
1378	-5722.5
1379	-5723
1380	-5726.5
1381	-5724
1382	-5724
1383	-5725
1384	-5725
1385	-5726
1386	-5726.5
1387	-5727
1388	-5727.5
1389	-5731
1390	-5731
1391	-5731
1392	-5729.5
1393	-5730
1394	-5730.5
1395	-5731
1396	-5731
1397	-5732
1398	-5732
1399	-5733
1400	-5733
1401	-5734
1402	-5722.5
1403	-5723
1404	-5722.5
1405	-5724
1406	-5722.5
1407	-5724
1408	-5722.5
1409	-5726
1410	-5726.5
1411	-5726
1412	-5726.5
1413	-5726
1414	-5726.5
1415	-5727
1416	-5726.5
1417	-5726
1418	-5726.5
1419	-5731
1420	-5731
1421	-5731
1422	-5731
1423	-5731
1424	-5731
1425	-5731
1426	-5730.5
1427	-5731
1428	-5731
1429	-5732
1430	-5730.5
1431	-5731
1432	-5731
1433	-5731
1434	-5731
1435	-5731
1436	-5735.5
1437	-5734
1438	-5734
1439	-5734
1440	-5734
1441	-5731
1442	-5731
1443	-5731
1444	-5731
1445	-5732
1446	-5732
1447	-5734
1448	-5734
1449	-5734
1450	-5734
1451	-5734
1452	-5735.5
1453	-5734
1454	-5736.5
1455	-5739
1456	-5738.5
1457	-5739
1458	-5739.5
1459	-5739
1460	-5739.5
1461	-5740
1462	-5740
1463	-5739
1464	-5739.5
1465	-5740
1466	-5740
1467	-5740
1468	-5740
1469	-5740
1470	-5739.5
1471	-5740
1472	-5738.5
1473	-5739
1474	-5739.5
1475	-5740
1476	-5740
1477	-5740
1478	-5740
1479	-5731
1480	-5729.5
1481	-5731
1482	-5730.5
1483	-5731
1484	-5731
1485	-5731
1486	-5731
1487	-5731
1488	-5731
1489	-5731
1490	-5731
1491	-5731
1492	-5731
1493	-5734
1494	-5734
1495	-5734
1496	-5734
1497	-5731
1498	-5731
1499	-5727
1500	-5727.5
1501	-5731
1502	-5722.5
1503	-5731
1504	-5731
1505	-5731
1506	-5730.5
1507	-5731
1508	-5731
1509	-5726
1510	-5726.5
1511	-5727
1512	-5727.5
1513	-5734
1514	-5728.5
1515	-5729
1516	-5729.5
1517	-5731
1518	-5730.5
1519	-5731
1520	-5731
1521	-5731
1522	-5731
1523	-5733
1524	-5733
1525	-5734
1526	-5734
1527	-5734
1528	-5735.5
1529	-5736
1530	-5736.5
1531	-5737
1532	-5736.5
1533	-5738
1534	-5738.5
1535	-5739
1536	-5739.5
1537	-5740
1538	-5740
1539	-5740
1540	-5740
1541	-5740
1542	-5740
1543	-5743
1544	-5739.5
1545	-5734
1546	-5734
1547	-5740
1548	-5735.5
1549	-5734
1550	-5734
1551	-5734
1552	-5734
1553	-5731
1554	-5730.5
1555	-5731
1556	-5731
1557	-5731
1558	-5731
1559	-5732
1560	-5732
1561	-5734
1562	-5734
1563	-5731
1564	-5731
1565	-5731
1566	-5731
1567	-5732
1568	-5732
1569	-5734
1570	-5734
1571	-5734
1572	-5734
1573	-5735
1574	-5735.5
1575	-5736
1576	-5736.5
1577	-5737
1578	-5738.5
1579	-5739
1580	-5739.5
1581	-5739
1582	-5739.5
1583	-5740
1584	-5740
1585	-5740
1586	-5740
1587	-5740
1588	-5740
1589	-5743
1590	-5743
1591	-5743
1592	-5743
1593	-5739
1594	-5739.5
1595	-5740
1596	-5739.5
1597	-5740
1598	-5739.5
1599	-5739
1600	-5739.5
1601	-5740
1602	-5739.5
1603	-5740
1604	-5740
1605	-5734
1606	-5734
1607	-5731
1608	-5731
1609	-5732
1610	-5726.5
1611	-5731
1612	-5726.5
1613	-5731
1614	-5731
1615	-5731
1616	-5731
1617	-5731
1618	-5731
1619	-5731
1620	-5731
1621	-5731
1622	-5731
1623	-5731
1624	-5731
1625	-5734
1626	-5734
1627	-5734
1628	-5734
1629	-5734
1630	-5734
1631	-5730
1632	-5730.5
1633	-5731
1634	-5731
1635	-5731
1636	-5731
1637	-5731
1638	-5731
1639	-5734
1640	-5734
1641	-5731
1642	-5731
1643	-5734
1644	-5726.5
1645	-5726
1646	-5726.5
1647	-5727
1648	-5727.5
1649	-5728
1650	-5726.5
1651	-5729
1652	-5729.5
1653	-5731
1654	-5730.5
1655	-5731
1656	-5731
1657	-5731
1658	-5730.5
1659	-5731
1660	-5731
1661	-5734
1662	-5734
1663	-5731
1664	-5735.5
1665	-5734
1666	-5734
1667	-5734
1668	-5734
1669	-5731
1670	-5730.5
1671	-5731
1672	-5731
1673	-5731
1674	-5731
1675	-5733
1676	-5739.5
1677	-5734
1678	-5734
1679	-5734
1680	-5734
1681	-5734
1682	-5735.5
1683	-5734
1684	-5736.5
1685	-5739
1686	-5738.5
1687	-5739
1688	-5739.5
1689	-5740
1690	-5739.5
1691	-5740
1692	-5740
1693	-5740
1694	-5739.5
1695	-5740
1696	-5740
1697	-5739
1698	-5739.5
1699	-5734
1700	-5734
1701	-5731
1702	-5739.5
1703	-5731
1704	-5731
1705	-5734
1706	-5734
1707	-5734
1708	-5734
1709	-5734
1710	-5734
1711	-5734
1712	-5735.5
1713	-5740
1714	-5736.5
1715	-5739
1716	-5739.5
1717	-5731
1718	-5731
1719	-5731
1720	-5739.5
1721	-5740
1722	-5740
1723	-5734
1724	-5734
1725	-5734
1726	-5734
1727	-5734
1728	-5735.5
1729	-5734
1730	-5730.5
1731	-5731
1732	-5731
1733	-5731
1734	-5731
1735	-5731
1736	-5731
1737	-5731
1738	-5731
1739	-5731
1740	-5731
1741	-5734
1742	-5734
1743	-5734
1744	-5734
1745	-5734
1746	-5734
1747	-5734
1748	-5735.5
1749	-5731
1750	-5736.5
1751	-5739
1752	-5739.5
1753	-5739
1754	-5739.5
1755	-5739
1756	-5739.5
1757	-5740
1758	-5740
1759	-5740
1760	-5740
1761	-5739
1762	-5739.5
1763	-5739
1764	-5739.5
1765	-5734
1766	-5739.5
1767	-5740
1768	-5740
1769	-5734
1770	-5739.5
1771	-5734
1772	-5734
1773	-5734
1774	-5734
1775	-5739
1776	-5739.5
1777	-5740
1778	-5739.5
1779	-5739
1780	-5739.5
1781	-5739
1782	-5739.5
1783	-5739
1784	-5739.5
1785	-5740
1786	-5740
1787	-5731
1788	-5731
1789	-5732
1790	-5732
1791	-5731
1792	-5731
1793	-5734
1794	-5734
1795	-5731
1796	-5731
1797	-5734
1798	-5734
1799	-5734
1800	-5734
1801	-5734
1802	-5734
1803	-5734
1804	-5739.5
1805	-5740
1806	-5740
1807	-5739
1808	-5739.5
1809	-5740
1810	-5739.5
1811	-5739
1812	-5739.5
1813	-5740
1814	-5739.5
1815	-5740
1816	-5739.5
1817	-5740
1818	-5739.5
1819	-5734
1820	-5734
1821	-5734
1822	-5734
1823	-5739
1824	-5739.5
1825	-5740
1826	-5740
1827	-5731
1828	-5739.5
1829	-5739
1830	-5739.5
1831	-5734
1832	-5739.5
1833	-5734
1834	-5734
1835	-5734
1836	-5734
1837	-5739
1838	-5739.5
1839	-5740
1840	-5739.5
1841	-5739
1842	-5739.5
1843	-5739
1844	-5739.5
1845	-5740
1846	-5739.5
1847	-5740
1848	-5740
1849	-5740
1850	-5740
1851	-5740
1852	-5740
1853	-5739
1854	-5739.5
1855	-5740
1856	-5739.5
1857	-5739
1858	-5739.5
1859	-5740
1860	-5740
1861	-5740
1862	-5735.5
1863	-5739
1864	-5736.5
1865	-5739
1866	-5739.5
1867	-5739
1868	-5739.5
1869	-5739
1870	-5739.5
1871	-5740
1872	-5740
1873	-5740
1874	-5740
1875	-5743
1876	-5743
1877	-5743
1878	-5743
1879	-5743
1880	-5743
1881	-5731
1882	-5731
1883	-5731
1884	-5731
1885	-5734
1886	-5734
1887	-5734
1888	-5734
1889	-5734
1890	-5735.5
1891	-5736
1892	-5736.5
1893	-5734
1894	-5734
1895	-5739
1896	-5739.5
1897	-5739
1898	-5739.5
1899	-5740
1900	-5740
1901	-5731
1902	-5731
1903	-5731
1904	-5731
1905	-5731
1906	-5729.5
1907	-5734
1908	-5730.5
1909	-5731
1910	-5731
1911	-5731
1912	-5731
1913	-5731
1914	-5731
1915	-5734
1916	-5734
1917	-5734
1918	-5734
1919	-5734
1920	-5734
1921	-5734
1922	-5735.5
1923	-5734
1924	-5736.5
1925	-5739
1926	-5739.5
1927	-5739
1928	-5739.5
1929	-5731
1930	-5739.5
1931	-5731
1932	-5730.5
1933	-5731
1934	-5731
1935	-5731
1936	-5731
1937	-5731
1938	-5731
1939	-5731
1940	-5731
1941	-5731
1942	-5731
1943	-5731
1944	-5731
1945	-5734
1946	-5734
1947	-5734
1948	-5734
1949	-5734
1950	-5734
1951	-5734
1952	-5735.5
1953	-5739
1954	-5736.5
1955	-5739
1956	-5739.5
1957	-5740
1958	-5739.5
1959	-5739
1960	-5739.5
1961	-5740
1962	-5740
1963	-5740
1964	-5739.5
1965	-5740
1966	-5739.5
1967	-5739
1968	-5739.5
1969	-5740
1970	-5740
1971	-5739
1972	-5739.5
1973	-5740
1974	-5740
1975	-5743
1976	-5743
1977	-5740
1978	-5740
1979	-5743
1980	-5743
1981	-5734
1982	-5734
1983	-5740
1984	-5735.5
1985	-5739
1986	-5736.5
1987	-5739
1988	-5738.5
1989	-5739
1990	-5739.5
1991	-5740
1992	-5739.5
1993	-5740
1994	-5740
1995	-5740
1996	-5739.5
1997	-5739
1998	-5739.5
1999	-5739
2000	-5739.5
2001	-5740
2002	-5740
2003	-5740
2004	-5740
2005	-5740
2006	-5739.5
2007	-5740
2008	-5739.5
2009	-5740
2010	-5739.5
2011	-5739
2012	-5739.5
2013	-5740
2014	-5740
2015	-5734
2016	-5734
2017	-5739
2018	-5739.5
2019	-5740
2020	-5739.5
2021	-5739
2022	-5739.5
2023	-5740
2024	-5739.5
2025	-5739
2026	-5739.5
2027	-5740
2028	-5740
2029	-5740
2030	-5740
2031	-5743
2032	-5743
2033	-5743
2034	-5743
2035	-5743
2036	-5743
2037	-5739
2038	-5739.5
2039	-5740
2040	-5739.5
2041	-5739
2042	-5739.5
2043	-5740
2044	-5739.5
2045	-5734
2046	-5734
2047	-5734
2048	-5734
2049	-5734
2050	-5735.5
2051	-5734
2052	-5734
2053	-5734
2054	-5734
2055	-5739
2056	-5739.5
2057	-5739
2058	-5739.5
2059	-5740
2060	-5740
2061	-5731
2062	-5731
2063	-5731
2064	-5731
2065	-5731
2066	-5731
2067	-5731
2068	-5731
2069	-5734
2070	-5734
2071	-5734
2072	-5734
2073	-5734
2074	-5734
2075	-5734
2076	-5734
2077	-5734
2078	-5734
2079	-5734
2080	-5735.5
2081	-5739
2082	-5739.5
2083	-5740
2084	-5739.5
2085	-5740
2086	-5739.5
2087	-5739
2088	-5739.5
2089	-5740
2090	-5740
2091	-5739
2092	-5739.5
2093	-5740
2094	-5739.5
2095	-5740
2096	-5740
2097	-5740
2098	-5740
2099	-5743
2100	-5739.5
2101	-5739
2102	-5739.5
2103	-5740
2104	-5739.5
2105	-5740
2106	-5740
2107	-5740
2108	-5740
2109	-5743
2110	-5743
2111	-5743
2112	-5743
2113	-5743
2114	-5743
2115	-5743
2116	-5743
2117	-5740
2118	-5739.5
2119	-5740
2120	-5740
2121	-5739
2122	-5739.5
2123	-5739
2124	-5739.5
2125	-5740
2126	-5740
2127	-5734
2128	-5734
2129	-5734
2130	-5734
2131	-5734
2132	-5734
2133	-5734
2134	-5735.5
2135	-5739
2136	-5736.5
2137	-5739
2138	-5739.5
2139	-5739
2140	-5739.5
2141	-5740
2142	-5739.5
2143	-5740
2144	-5740
2145	-5740
2146	-5740
2147	-5743
2148	-5743
2149	-5743
2150	-5743
2151	-5743
2152	-5743
2153	-5739
2154	-5739.5
2155	-5739
2156	-5739.5
2157	-5740
2158	-5739.5
2159	-5740
2160	-5740
2161	-5740
2162	-5740
2163	-5739
2164	-5739.5
2165	-5740
2166	-5740
2167	-5743
2168	-5739.5
2169	-5739
2170	-5739.5
2171	-5740
2172	-5739.5
2173	-5740
2174	-5740
2175	-5740
2176	-5740
2177	-5743
2178	-5743
2179	-5743
2180	-5743
2181	-5743
2182	-5743
2183	-5745
2184	-5745.5
2185	-5746
2186	-5746
2187	-5748
2188	-5748.5
2189	-5748
2190	-5748.5
2191	-5749
2192	-5749.5
2193	-5750
2194	-5749.5
2195	-5751
2196	-5749.5
2197	-5743
2198	-5743
2199	-5743
2200	-5743
2201	-5745
2202	-5745.5
2203	-5739
2204	-5739.5
2205	-5740
2206	-5739.5
2207	-5740
2208	-5740
2209	-5734
2210	-5734
2211	-5734
2212	-5734
2213	-5739
2214	-5739.5
2215	-5740
2216	-5740
2217	-5731
2218	-5738.5
2219	-5739
2220	-5739.5
2221	-5740
2222	-5739.5
2223	-5740
2224	-5740
2225	-5740
2226	-5735.5
2227	-5734
2228	-5734
2229	-5734
2230	-5739.5
2231	-5739
2232	-5739.5
2233	-5739
2234	-5739.5
2235	-5740
2236	-5740
2237	-5739
2238	-5739.5
2239	-5739
2240	-5739.5
2241	-5740
2242	-5740
2243	-5739
2244	-5739.5
2245	-5740
2246	-5740
2247	-5743
2248	-5741.5
2249	-5739
2250	-5739.5
2251	-5743
2252	-5743
2253	-5740
2254	-5740
2255	-5743
2256	-5745.5
2257	-5743
2258	-5743
2259	-5743
2260	-5743
2261	-5748
2262	-5748.5
2263	-5749
2264	-5749.5
2265	-5740
2266	-5740
2267	-5748
2268	-5748.5
2269	-5749
2270	-5749.5
2271	-5743
2272	-5743
2273	-5743
2274	-5743
2275	-5745
2276	-5745.5
2277	-5746
2278	-5739.5
2279	-5740
2280	-5740
2281	-5739
2282	-5739.5
2283	-5740
2284	-5740
2285	-5740
2286	-5740
2287	-5739
2288	-5739.5
2289	-5743
2290	-5739.5
2291	-5740
2292	-5740
2293	-5740
2294	-5740
2295	-5740
2296	-5739.5
2297	-5743
2298	-5743
2299	-5740
2300	-5740
2301	-5743
2302	-5743
2303	-5743
2304	-5739.5
2305	-5740
2306	-5740
2307	-5740
2308	-5740
2309	-5740
2310	-5740
2311	-5743
2312	-5743
2313	-5743
2314	-5743
2315	-5743
2316	-5743
2317	-5743
2318	-5743
2319	-5743
2320	-5745.5
2321	-5748
2322	-5748.5
2323	-5734
2324	-5734
2325	-5734
2326	-5735.5
2327	-5736
2328	-5736.5
2329	-5737
2330	-5736.5
2331	-5738
2332	-5738.5
2333	-5739
2334	-5739.5
2335	-5740
2336	-5740
2337	-5740
2338	-5740
2339	-5740
2340	-5740
2341	-5743
2342	-5743
2343	-5743
2344	-5743
2345	-5743
2346	-5745.5
2347	-5746
2348	-5745.5
2349	-5746
2350	-5747.5
2351	-5748
2352	-5748.5
2353	-5749
2354	-5749.5
2355	-5740
2356	-5740
2357	-5731
2358	-5735.5
2359	-5739
2360	-5739.5
2361	-5739
2362	-5739.5
2363	-5740
2364	-5739.5
2365	-5740
2366	-5739.5
2367	-5740
2368	-5740
2369	-5740
2370	-5739.5
2371	-5739
2372	-5739.5
2373	-5739
2374	-5739.5
2375	-5740
2376	-5739.5
2377	-5740
2378	-5740
2379	-5740
2380	-5740
2381	-5743
2382	-5743
2383	-5743
2384	-5743
2385	-5743
2386	-5743
2387	-5743
2388	-5745.5
2389	-5743
2390	-5743
2391	-5748
2392	-5748.5
2393	-5748
2394	-5748.5
2395	-5749
2396	-5749.5
2397	-5749
2398	-5749.5
2399	-5748
2400	-5748.5
2401	-5749
2402	-5749.5
2403	-5750
2404	-5749.5
2405	-5751
2406	-5751
2407	-5748
2408	-5748.5
2409	-5743
2410	-5749.5
2411	-5743
2412	-5749.5
2413	-5740
2414	-5740
2415	-5740
2416	-5740
2417	-5740
2418	-5740
2419	-5743
2420	-5743
2421	-5743
2422	-5743
2423	-5743
2424	-5743
2425	-5743
2426	-5743
2427	-5743
2428	-5743
2429	-5740
2430	-5748.5
2431	-5734
2432	-5734
2433	-5740
2434	-5735.5
2435	-5739
2436	-5739.5
2437	-5739
2438	-5739.5
2439	-5740
2440	-5739.5
2441	-5739
2442	-5739.5
2443	-5740
2444	-5740
2445	-5740
2446	-5740
2447	-5743
2448	-5742.5
2449	-5743
2450	-5743
2451	-5743
2452	-5743
2453	-5745
2454	-5745.5
2455	-5746
2456	-5746
2457	-5740
2458	-5740
2459	-5748
2460	-5748.5
2461	-5740
2462	-5749.5
2463	-5743
2464	-5743
2465	-5739
2466	-5739.5
2467	-5740
2468	-5740
2469	-5740
2470	-5740
2471	-5740
2472	-5745.5
2473	-5743
2474	-5743
2475	-5743
2476	-5739.5
2477	-5740
2478	-5740
2479	-5739
2480	-5739.5
2481	-5739
2482	-5739.5
2483	-5740
2484	-5740
2485	-5740
2486	-5740
2487	-5740
2488	-5739.5
2489	-5743
2490	-5743
2491	-5743
2492	-5743
2493	-5743
2494	-5743
2495	-5743
2496	-5743
2497	-5743
2498	-5743
2499	-5748
2500	-5748.5
2501	-5749
2502	-5749.5
2503	-5748
2504	-5748.5
2505	-5748
2506	-5748.5
2507	-5749
2508	-5749.5
2509	-5749
2510	-5749.5
2511	-5750
2512	-5750
2513	-5743
2514	-5743
2515	-5743
2516	-5743
2517	-5743
2518	-5743
2519	-5743
2520	-5735.5
2521	-5740
2522	-5736.5
2523	-5734
2524	-5734
2525	-5739
2526	-5739.5
2527	-5740
2528	-5739.5
2529	-5740
2530	-5740
2531	-5740
2532	-5739.5
2533	-5739
2534	-5739.5
2535	-5740
2536	-5740
2537	-5740
2538	-5740
2539	-5743
2540	-5743
2541	-5743
2542	-5743
2543	-5743
2544	-5743
2545	-5740
2546	-5739.5
2547	-5740
2548	-5739.5
2549	-5740
2550	-5740
2551	-5739
2552	-5739.5
2553	-5740
2554	-5740
2555	-5740
2556	-5740
2557	-5739
2558	-5739.5
2559	-5740
2560	-5740
2561	-5740
2562	-5740
2563	-5743
2564	-5743
2565	-5743
2566	-5743
2567	-5743
2568	-5743
2569	-5745
2570	-5745.5
2571	-5746
2572	-5746
2573	-5747
2574	-5747.5
2575	-5748
2576	-5748.5
2577	-5749
2578	-5749.5
2579	-5750
2580	-5749.5
2581	-5739
2582	-5739.5
2583	-5739
2584	-5739.5
2585	-5740
2586	-5739.5
2587	-5739
2588	-5739.5
2589	-5740
2590	-5740
2591	-5740
2592	-5740
2593	-5743
2594	-5743
2595	-5743
2596	-5743
2597	-5743
2598	-5743
2599	-5745
2600	-5745.5
2601	-5746
2602	-5745.5
2603	-5746
2604	-5747.5
2605	-5748
2606	-5748.5
2607	-5749
2608	-5749.5
2609	-5749
2610	-5749.5
2611	-5750
2612	-5749.5
2613	-5751
2614	-5748.5
2615	-5749
2616	-5749.5
2617	-5748
2618	-5748.5
2619	-5748
2620	-5748.5
2621	-5749
2622	-5749.5
2623	-5740
2624	-5740
2625	-5740
2626	-5740
2627	-5740
2628	-5740
2629	-5743
2630	-5743
2631	-5743
2632	-5743
2633	-5743
2634	-5743
2635	-5763
2636	-5749.5
2637	-5763
2638	-5745.5
2639	-5748
2640	-5748.5
2641	-5749
2642	-5749.5
2643	-5748
2644	-5748.5
2645	-5749
2646	-5749.5
2647	-5750
2648	-5749.5
2649	-5770
2650	-5770.5
2651	-5771
2652	-5770.5
2653	-5771
2654	-5771
2655	-5743
2656	-5743
2657	-5770
2658	-5770.5
2659	-5771
2660	-5745.5
2661	-5740
2662	-5770.5
2663	-5740
2664	-5739.5
2665	-5739
2666	-5739.5
2667	-5740
2668	-5739.5
2669	-5740
2670	-5740
2671	-5740
2672	-5739.5
2673	-5740
2674	-5740
2675	-5740
2676	-5740
2677	-5743
2678	-5743
2679	-5743
2680	-5743
2681	-5743
2682	-5743
2683	-5743
2684	-5743
2685	-5743
2686	-5745.5
2687	-5746
2688	-5748.5
2689	-5748
2690	-5748.5
2691	-5748
2692	-5748.5
2693	-5749
2694	-5749.5
2695	-5749
2696	-5749.5
2697	-5749
2698	-5749.5
2699	-5750
2700	-5749.5
2701	-5751
2702	-5749.5
2703	-5750
2704	-5753.5
2705	-5748
2706	-5748.5
2707	-5749
2708	-5749.5
2709	-5749
2710	-5749.5
2711	-5743
2712	-5749.5
2713	-5743
2714	-5760.5
2715	-5763
2716	-5760.5
2717	-5763
2718	-5763
2719	-5763
2720	-5763
2721	-5763
2722	-5763
2723	-5765
2724	-5765
2725	-5765
2726	-5765
2727	-5765
2728	-5765
2729	-5743
2730	-5743
2731	-5743
2732	-5748.5
2733	-5743
2734	-5749.5
2735	-5770
2736	-5770.5
2737	-5771
2738	-5770.5
2739	-5748
2740	-5748.5
2741	-5749
2742	-5749.5
2743	-5748
2744	-5748.5
2745	-5749
2746	-5749.5
2747	-5750
2748	-5749.5
2749	-5751
2750	-5748.5
2751	-5743
2752	-5749.5
2753	-5743
2754	-5748.5
2755	-5743
2756	-5749.5
2757	-5746
2758	-5745.5
2759	-5748
2760	-5748.5
2761	-5748
2762	-5748.5
2763	-5749
2764	-5749.5
2765	-5748
2766	-5748.5
2767	-5749
2768	-5749.5
2769	-5763
2770	-5763
2771	-5763
2772	-5749.5
2773	-5765
2774	-5765
2775	-5765
2776	-5765
2777	-5743
2778	-5743
2779	-5743
2780	-5743
2781	-5745
2782	-5745.5
2783	-5770
2784	-5770.5
2785	-5771
2786	-5748.5
2787	-5748
2788	-5748.5
2789	-5748
2790	-5748.5
2791	-5749
2792	-5749.5
2793	-5750
2794	-5750
2795	-5751
2796	-5751
2797	-5765
2798	-5749.5
2799	-5765
2800	-5748.5
2801	-5749
2802	-5749.5
2803	-5749
2804	-5749.5
2805	-5770
2806	-5770.5
2807	-5771
2808	-5770.5
2809	-5770
2810	-5770.5
2811	-5771
2812	-5771
2813	-5760
2814	-5760.5
2815	-5763
2816	-5763
2817	-5763
2818	-5763
2819	-5763
2820	-5763
2821	-5765
2822	-5765
2823	-5765
2824	-5765
2825	-5766
2826	-5766
2827	-5767
2828	-5768.5
2829	-5768
2830	-5768.5
2831	-5770
2832	-5770.5
2833	-5770
2834	-5770.5
2835	-5771
2836	-5771
2837	-5771
2838	-5772.5
2839	-5771
2840	-5768.5
2841	-5771
2842	-5768.5
2843	-5770
2844	-5770.5
2845	-5771
2846	-5770.5
2847	-5771
2848	-5771
2849	-5771
2850	-5770.5
2851	-5771
2852	-5770.5
2853	-5771
2854	-5770.5
2855	-5776
2856	-5776
2857	-5776
2858	-5776
2859	-5776
2860	-5777.5
2861	-5776
2862	-5776
2863	-5776
2864	-5776
2865	-5776
2866	-5768.5
2867	-5776
2868	-5768.5
2869	-5770
2870	-5770.5
2871	-5770
2872	-5770.5
2873	-5771
2874	-5771
2875	-5771
2876	-5770.5
2877	-5771
2878	-5770.5
2879	-5770
2880	-5770.5
2881	-5771
2882	-5768.5
2883	-5770
2884	-5770.5
2885	-5770
2886	-5770.5
2887	-5771
2888	-5771
2889	-5771
2890	-5772.5
2891	-5771
2892	-5771
2893	-5776
2894	-5777.5
2895	-5776
2896	-5776
2897	-5776
2898	-5776
2899	-5776
2900	-5777.5
2901	-5778
2902	-5778
2903	-5770
2904	-5770.5
2905	-5763
2906	-5770.5
2907	-5771
2908	-5770.5
2909	-5765
2910	-5765
2911	-5766
2912	-5766
2913	-5767
2914	-5767
2915	-5768
2916	-5768.5
2917	-5769
2918	-5769.5
2919	-5770
2920	-5770.5
2921	-5771
2922	-5771
2923	-5771
2924	-5772.5
2925	-5772.5
2926	-5772.5
2927	-5774
2928	-5774
2929	-5776
2930	-5776
2931	-5776
2932	-5776
2933	-5776
2934	-5777.5
2935	-5778
2936	-5778
2937	-5779
2938	-5779
2939	-5780
2940	-5780
2941	-5780
2942	-5781.5
2943	-5782
2944	-5782
2945	-5783
2946	-5783
2947	-5784
2948	-5784.5
2949	-5785
2950	-5785
2951	-5786
2952	-5786.5
2953	-5786.5
2954	-5786.5
2955	-5776
2956	-5776
2957	-5776
2958	-5776
2959	-5778
2960	-5777.5
2961	-5778
2962	-5778
2963	-5780
2964	-5780
2965	-5780
2966	-5780
2967	-5771
2968	-5781.5
2969	-5776
2970	-5776
2971	-5776
2972	-5777.5
2973	-5776
2974	-5776
2975	-5776
2976	-5777.5
2977	-5776
2978	-5776
2979	-5776
2980	-5776
2981	-5780
2982	-5777.5
2983	-5771
2984	-5771
2985	-5776
2986	-5776
2987	-5780
2988	-5777.5
2989	-5778
2990	-5778
2991	-5776
2992	-5776
2993	-5776
2994	-5776
2995	-5776
2996	-5777.5
2997	-5778
2998	-5777.5
2999	-5763
3000	-5763
3001	-5763
3002	-5770.5
3003	-5765
3004	-5765
3005	-5765
3006	-5765
3007	-5765
3008	-5768.5
3009	-5767
3010	-5768.5
3011	-5770
3012	-5768.5
3013	-5770
3014	-5770.5
3015	-5770
3016	-5770.5
3017	-5771
3018	-5771
3019	-5771
3020	-5771
3021	-5771
3022	-5772.5
3023	-5776
3024	-5768.5
3025	-5776
3026	-5768.5
3027	-5776
3028	-5770.5
3029	-5770
3030	-5770.5
3031	-5771
3032	-5771
3033	-5770
3034	-5770.5
3035	-5771
3036	-5771
3037	-5770
3038	-5770.5
3039	-5771
3040	-5770.5
3041	-5771
3042	-5771
3043	-5771
3044	-5777.5
3045	-5765
3046	-5765
3047	-5763
3048	-5763
3049	-5765
3050	-5765
3051	-5765
3052	-5765
3053	-5766
3054	-5768.5
3055	-5770
3056	-5770.5
3057	-5771
3058	-5768.5
3059	-5770
3060	-5770.5
3061	-5770
3062	-5770.5
3063	-5771
3064	-5771
3065	-5771
3066	-5772.5
3067	-5771
3068	-5771
3069	-5776
3070	-5776
3071	-5776
3072	-5776
3073	-5776
3074	-5776
3075	-5776
3076	-5777.5
3077	-5778
3078	-5778
3079	-5779
3080	-5777.5
3081	-5780
3082	-5780
3083	-5776
3084	-5776
3085	-5780
3086	-5777.5
3087	-5778
3088	-5778
3089	-5779
3090	-5784.5
3091	-5780
3092	-5780
3093	-5786
3094	-5786.5
3095	-5782
3096	-5782
3097	-5783
3098	-5783
3099	-5784
3100	-5784.5
3101	-5785
3102	-5785
3103	-5786
3104	-5786.5
3105	-5786.5
3106	-5786.5
3107	-5788
3108	-5786.5
3109	-5789
3110	-5789
3111	-5780
3112	-5786.5
3113	-5786.5
3114	-5781.5
3115	-5782
3116	-5782
3117	-5783
3118	-5783
3119	-5784
3120	-5784.5
3121	-5785
3122	-5785
3123	-5770
3124	-5770.5
3125	-5771
3126	-5770.5
3127	-5770
3128	-5770.5
3129	-5771
3130	-5771
3131	-5771
3132	-5771
3133	-5771
3134	-5771
3135	-5776
3136	-5770.5
3137	-5771
3138	-5771
3139	-5776
3140	-5776
3141	-5770
3142	-5770.5
3143	-5771
3144	-5771
3145	-5771
3146	-5771
3147	-5776
3148	-5776
3149	-5776
3150	-5777.5
3151	-5776
3152	-5776
3153	-5776
3154	-5776
3155	-5776
3156	-5777.5
3157	-5778
3158	-5777.5
3159	-5778
3160	-5777.5
3161	-5780
3162	-5780
3163	-5780
3164	-5780
3165	-5776
3166	-5776
3167	-5783
3168	-5777.5
3169	-5771
3170	-5784.5
3171	-5785
3172	-5785
3173	-5771
3174	-5786.5
3175	-5771
3176	-5770.5
3177	-5771
3178	-5771
3179	-5776
3180	-5776
3181	-5776
3182	-5777.5
3183	-5776
3184	-5776
3185	-5776
3186	-5776
3187	-5776
3188	-5776
3189	-5776
3190	-5777.5
3191	-5778
3192	-5777.5
3193	-5780
3194	-5780
3195	-5780
3196	-5780
3197	-5780
3198	-5780
3199	-5780
3200	-5780
3201	-5783
3202	-5783
3203	-5785
3204	-5784.5
3205	-5785
3206	-5785
3207	-5785
3208	-5786.5
3209	-5785
3210	-5786.5
3211	-5786
3212	-5786.5
3213	-5786.5
3214	-5786.5
3215	-5788
3216	-5777.5
3217	-5778
3218	-5777.5
3219	-5778
3220	-5778
3221	-5780
3222	-5780
3223	-5780
3224	-5780
3225	-5776
3226	-5776
3227	-5783
3228	-5777.5
3229	-5778
3230	-5784.5
3231	-5785
3232	-5785
3233	-5780
3234	-5786.5
3235	-5780
3236	-5786.5
3237	-5782
3238	-5781.5
3239	-5783
3240	-5783
3241	-5785
3242	-5784.5
3243	-5785
3244	-5785
3245	-5785
3246	-5786.5
3247	-5786
3248	-5786.5
3249	-5785
3250	-5785
3251	-5786
3252	-5786.5
3253	-5785
3254	-5784.5
3255	-5785
3256	-5785
3257	-5785
3258	-5786.5
3259	-5786
3260	-5786.5
3261	-5785
3262	-5785
3263	-5776
3264	-5786.5
3265	-5776
3266	-5776
3267	-5776
3268	-5776
3269	-5776
3270	-5776
3271	-5776
3272	-5777.5
3273	-5778
3274	-5778
3275	-5776
3276	-5776
3277	-5780
3278	-5780
3279	-5776
3280	-5781.5
3281	-5782
3282	-5777.5
3283	-5780
3284	-5780
3285	-5784
3286	-5784.5
3287	-5785
3288	-5785
3289	-5786
3290	-5786.5
3291	-5771
3292	-5771
3293	-5785
3294	-5785
3295	-5786
3296	-5786.5
3297	-5776
3298	-5776
3299	-5776
3300	-5776
3301	-5776
3302	-5776
3303	-5776
3304	-5777.5
3305	-5778
3306	-5777.5
3307	-5776
3308	-5776
3309	-5780
3310	-5777.5
3311	-5778
3312	-5778
3313	-5779
3314	-5779
3315	-5780
3316	-5780
3317	-5785
3318	-5781.5
3319	-5785
3320	-5785
3321	-5783
3322	-5786.5
3323	-5784
3324	-5784.5
3325	-5785
3326	-5785
3327	-5786
3328	-5786.5
3329	-5786.5
3330	-5786.5
3331	-5788
3332	-5788
3333	-5789
3334	-5786.5
3335	-5780
3336	-5786.5
3337	-5770
3338	-5770.5
3339	-5776
3340	-5776
3341	-5776
3342	-5776
3343	-5778
3344	-5777.5
3345	-5778
3346	-5778
3347	-5780
3348	-5780
3349	-5776
3350	-5776
3351	-5776
3352	-5776
3353	-5776
3354	-5777.5
3355	-5778
3356	-5777.5
3357	-5780
3358	-5780
3359	-5780
3360	-5780
3361	-5780
3362	-5780
3363	-5776
3364	-5776
3365	-5783
3366	-5777.5
3367	-5785
3368	-5784.5
3369	-5785
3370	-5785
3371	-5780
3372	-5786.5
3373	-5780
3374	-5786.5
3375	-5780
3376	-5780
3377	-5783
3378	-5781.5
3379	-5785
3380	-5784.5
3381	-5785
3382	-5785
3383	-5785
3384	-5786.5
3385	-5785
3386	-5785
3387	-5786
3388	-5786.5
3389	-5786.5
3390	-5786.5
3391	-5788
3392	-5786.5
3393	-5780
3394	-5777.5
3395	-5778
3396	-5777.5
3397	-5778
3398	-5777.5
3399	-5780
3400	-5780
3401	-5780
3402	-5777.5
3403	-5765
3404	-5765
3405	-5765
3406	-5786.5
3407	-5767
3408	-5767
3409	-5768
3410	-5768.5
3411	-5769
3412	-5769.5
3413	-5770
3414	-5770.5
3415	-5771
3416	-5771
3417	-5771
3418	-5771
3419	-5771
3420	-5770.5
3421	-5771
3422	-5771
3423	-5771
3424	-5771
3425	-5776
3426	-5776
3427	-5776
3428	-5777.5
3429	-5778
3430	-5777.5
3431	-5776
3432	-5776
3433	-5780
3434	-5780
3435	-5780
3436	-5780
3437	-5780
3438	-5780
3439	-5780
3440	-5780
3441	-5776
3442	-5784.5
3443	-5785
3444	-5785
3445	-5776
3446	-5786.5
3447	-5778
3448	-5777.5
3449	-5778
3450	-5778
3451	-5780
3452	-5780
3453	-5780
3454	-5780
3455	-5780
3456	-5781.5
3457	-5782
3458	-5782
3459	-5783
3460	-5783
3461	-5785
3462	-5784.5
3463	-5785
3464	-5785
3465	-5786
3466	-5786.5
3467	-5780
3468	-5777.5
3469	-5780
3470	-5780
3471	-5780
3472	-5780
3473	-5780
3474	-5780
3475	-5780
3476	-5780
3477	-5785
3478	-5784.5
3479	-5785
3480	-5785
3481	-5785
3482	-5786.5
3483	-5785
3484	-5785
3485	-5785
3486	-5786.5
3487	-5786
3488	-5786.5
3489	-5786.5
3490	-5786.5
3491	-5788
3492	-5788
3493	-5789
3494	-5786.5
3495	-5776
3496	-5776
3497	-5776
3498	-5777.5
3499	-5778
3500	-5778
3501	-5776
3502	-5776
3503	-5780
3504	-5780
3505	-5776
3506	-5777.5
3507	-5778
3508	-5777.5
3509	-5780
3510	-5780
3511	-5780
3512	-5780
3513	-5785
3514	-5785
3515	-5786
3516	-5786.5
3517	-5780
3518	-5780
3519	-5785
3520	-5784.5
3521	-5785
3522	-5785
3523	-5785
3524	-5786.5
3525	-5785
3526	-5786.5
3527	-5785
3528	-5785
3529	-5785
3530	-5786.5
3531	-5785
3532	-5786.5
3533	-5785
3534	-5786.5
3535	-5786
3536	-5786.5
3537	-5786.5
3538	-5786.5
3539	-5788
3540	-5788
3541	-5789
3542	-5789
3543	-5780
3544	-5780
3545	-5780
3546	-5781.5
3547	-5782
3548	-5782
3549	-5783
3550	-5783
3551	-5784
3552	-5784.5
3553	-5785
3554	-5785
3555	-5786
3556	-5786.5
3557	-5786.5
3558	-5786.5
3559	-5788
3560	-5777.5
3561	-5778
3562	-5777.5
3563	-5780
3564	-5780
3565	-5780
3566	-5780
3567	-5780
3568	-5780
3569	-5782
3570	-5781.5
3571	-5783
3572	-5783
3573	-5785
3574	-5784.5
3575	-5785
3576	-5785
3577	-5785
3578	-5786.5
3579	-5786
3580	-5786.5
3581	-5776
3582	-5776
3583	-5776
3584	-5777.5
3585	-5778
3586	-5777.5
3587	-5778
3588	-5778
3589	-5780
3590	-5780
3591	-5780
3592	-5780
3593	-5782
3594	-5781.5
3595	-5783
3596	-5783
3597	-5783
3598	-5784.5
3599	-5785
3600	-5785
3601	-5785
3602	-5786.5
3603	-5786
3604	-5786.5
3605	-5786.5
3606	-5786.5
3607	-5788
3608	-5788
3609	-5789
3610	-5789
3611	-5785
3612	-5786.5
3613	-5776
3614	-5786.5
3615	-5780
3616	-5777.5
3617	-5776
3618	-5776
3619	-5785
3620	-5777.5
3621	-5778
3622	-5778
3623	-5779
3624	-5777.5
3625	-5780
3626	-5780
3627	-5780
3628	-5781.5
3629	-5780
3630	-5780
3631	-5783
3632	-5783
3633	-5784
3634	-5784.5
3635	-5785
3636	-5785
3637	-5786
3638	-5786.5
3639	-5785
3640	-5785
3641	-5785
3642	-5786.5
3643	-5786
3644	-5786.5
3645	-5786.5
3646	-5786.5
3647	-5788
3648	-5786.5
3649	-5785
3650	-5785
3651	-5786
3652	-5786.5
3653	-5786.5
3654	-5786.5
3655	-5788
3656	-5788
3657	-5789
3658	-5789
3659	-5789
3660	-5789
3661	-5789
3662	-5789
3663	-5792
3664	-5792
3665	-5792
3666	-5792
3667	-5794
3668	-5794
3669	-5802
3670	-5802
3671	-5803
3672	-5803
3673	-5802
3674	-5802
3675	-5802
3676	-5802
3677	-5785
3678	-5785
3679	-5786
3680	-5786.5
3681	-5786.5
3682	-5786.5
3683	-5788
3684	-5786.5
3685	-5789
3686	-5789
3687	-5788
3688	-5786.5
3689	-5789
3690	-5789
3691	-5792
3692	-5786.5
3693	-5807
3694	-5786.5
3695	-5785
3696	-5786.5
3697	-5780
3698	-5786.5
3699	-5780
3700	-5780
3701	-5782
3702	-5781.5
3703	-5783
3704	-5783
3705	-5783
3706	-5784.5
3707	-5785
3708	-5785
3709	-5785
3710	-5786.5
3711	-5786
3712	-5786.5
3713	-5786.5
3714	-5786.5
3715	-5780
3716	-5780
3717	-5780
3718	-5780
3719	-5782
3720	-5784.5
3721	-5785
3722	-5785
3723	-5785
3724	-5786.5
3725	-5785
3726	-5785
3727	-5785
3728	-5786.5
3729	-5786
3730	-5786.5
3731	-5786.5
3732	-5786.5
3733	-5788
3734	-5788
3735	-5789
3736	-5786.5
3737	-5786.5
3738	-5786.5
3739	-5788
3740	-5788
3741	-5789
3742	-5789
3743	-5785
3744	-5786.5
3745	-5786
3746	-5786.5
3747	-5785
3748	-5785
3749	-5785
3750	-5786.5
3751	-5786
3752	-5786.5
3753	-5786.5
3754	-5786.5
3755	-5788
3756	-5786.5
3757	-5789
3758	-5789
3759	-5802
3760	-5802
3761	-5802
3762	-5802
3763	-5803
3764	-5803
3765	-5776
3766	-5776
3767	-5776
3768	-5776
3769	-5776
3770	-5777.5
3771	-5776
3772	-5776
3773	-5779
3774	-5777.5
3775	-5780
3776	-5780
3777	-5779
3778	-5781.5
3779	-5780
3780	-5780
3781	-5783
3782	-5781.5
3783	-5782
3784	-5784.5
3785	-5785
3786	-5785
3787	-5786
3788	-5786.5
3789	-5785
3790	-5785
3791	-5786
3792	-5786.5
3793	-5786.5
3794	-5786.5
3795	-5788
3796	-5786.5
3797	-5785
3798	-5785
3799	-5786
3800	-5786.5
3801	-5776
3802	-5776
3803	-5776
3804	-5776
3805	-5776
3806	-5777.5
3807	-5778
3808	-5777.5
3809	-5778
3810	-5777.5
3811	-5780
3812	-5780
3813	-5780
3814	-5780
3815	-5780
3816	-5780
3817	-5783
3818	-5783
3819	-5783
3820	-5784.5
3821	-5785
3822	-5785
3823	-5785
3824	-5786.5
3825	-5785
3826	-5786.5
3827	-5785
3828	-5786.5
3829	-5785
3830	-5786.5
3831	-5786
3832	-5786.5
3833	-5786.5
3834	-5786.5
3835	-5788
3836	-5788
3837	-5783
3838	-5783
3839	-5784
3840	-5784.5
3841	-5785
3842	-5785
3843	-5786
3844	-5786.5
3845	-5786.5
3846	-5786.5
3847	-5788
3848	-5786.5
3849	-5789
3850	-5789
3851	-5785
3852	-5785
3853	-5786
3854	-5786.5
3855	-5785
3856	-5785
3857	-5786
3858	-5786.5
3859	-5785
3860	-5785
3861	-5786
3862	-5786.5
3863	-5785
3864	-5785
3865	-5785
3866	-5786.5
3867	-5786
3868	-5786.5
3869	-5783
3870	-5783
3871	-5785
3872	-5784.5
3873	-5785
3874	-5785
3875	-5786
3876	-5786.5
3877	-5786.5
3878	-5786.5
3879	-5785
3880	-5785
3881	-5785
3882	-5786.5
3883	-5785
3884	-5786.5
3885	-5780
3886	-5786.5
3887	-5785
3888	-5784.5
3889	-5785
3890	-5785
3891	-5786
3892	-5786.5
3893	-5786.5
3894	-5784.5
3895	-5785
3896	-5785
3897	-5786
3898	-5786.5
3899	-5786.5
3900	-5786.5
3901	-5788
3902	-5786.5
3903	-5785
3904	-5785
3905	-5785
3906	-5786.5
3907	-5785
3908	-5786.5
3909	-5785
3910	-5786.5
3911	-5785
3912	-5786.5
3913	-5786
3914	-5786.5
3915	-5785
3916	-5785
3917	-5786
3918	-5786.5
3919	-5786.5
3920	-5786.5
3921	-5788
3922	-5788
3923	-5789
3924	-5789
3925	-5783
3926	-5786.5
3927	-5784
3928	-5784.5
3929	-5785
3930	-5785
3931	-5786
3932	-5786.5
3933	-5786.5
3934	-5786.5
3935	-5788
3936	-5786.5
3937	-5785
3938	-5785
3939	-5785
3940	-5786.5
3941	-5786
3942	-5786.5
3943	-5786.5
3944	-5786.5
3945	-5788
3946	-5788
3947	-5789
3948	-5786.5
3949	-5785
3950	-5784.5
3951	-5785
3952	-5785
3953	-5786
3954	-5786.5
3955	-5786.5
3956	-5784.5
3957	-5785
3958	-5785
3959	-5786
3960	-5786.5
3961	-5786.5
3962	-5786.5
3963	-5788
3964	-5788
3965	-5789
3966	-5789
3967	-5789
3968	-5789
3969	-5789
3970	-5789
3971	-5792
3972	-5792
3973	-5792
3974	-5792
3975	-5794
3976	-5794
3977	-5789
3978	-5789
3979	-5780
3980	-5780
3981	-5780
3982	-5780
3983	-5783
3984	-5783
3985	-5783
3986	-5784.5
3987	-5785
3988	-5785
3989	-5785
3990	-5786.5
3991	-5785
3992	-5786.5
3993	-5785
3994	-5786.5
3995	-5786
3996	-5786.5
3997	-5786.5
3998	-5786.5
3999	-5788
4000	-5786.5
4001	-5789
4002	-5789
4003	-5788
4004	-5786.5
4005	-5789
4006	-5789
4007	-5792
4008	-5786.5
4009	-5785
4010	-5784.5
4011	-5785
4012	-5785
4013	-5785
4014	-5786.5
4015	-5786
4016	-5786.5
4017	-5786.5
4018	-5784.5
4019	-5785
4020	-5785
4021	-5786
4022	-5786.5
4023	-5786.5
4024	-5786.5
4025	-5788
4026	-5786.5
4027	-5789
4028	-5786.5
4029	-5776
4030	-5776
4031	-5776
4032	-5777.5
4033	-5778
4034	-5777.5
4035	-5778
4036	-5778
4037	-5780
4038	-5780
4039	-5780
4040	-5780
4041	-5782
4042	-5781.5
4043	-5783
4044	-5783
4045	-5783
4046	-5784.5
4047	-5785
4048	-5785
4049	-5785
4050	-5786.5
4051	-5786
4052	-5786.5
4053	-5786.5
4054	-5786.5
4055	-5788
4056	-5788
4057	-5789
4058	-5789
4059	-5789
4060	-5786.5
4061	-5792
4062	-5792
4063	-5792
4064	-5792
4065	-5783
4066	-5783
4067	-5783
4068	-5784.5
4069	-5785
4070	-5785
4071	-5785
4072	-5786.5
4073	-5785
4074	-5786.5
4075	-5786
4076	-5786.5
4077	-5785
4078	-5785
4079	-5786
4080	-5786.5
4081	-5786.5
4082	-5786.5
4083	-5785
4084	-5785
4085	-5786
4086	-5786.5
4087	-5786.5
4088	-5786.5
4089	-5788
4090	-5788
4091	-5789
4092	-5789
4093	-5789
4094	-5786.5
4095	-5786.5
4096	-5786.5
4097	-5792
4098	-5792
4099	-5789
4100	-5786.5
4101	-5794
4102	-5794
4103	-5802
4104	-5802
4105	-5802
4106	-5802
4107	-5802
4108	-5802
4109	-5803
4110	-5803
4111	-5802
4112	-5802
4113	-5803
4114	-5803
4115	-5803
4116	-5803
4117	-5802
4118	-5802
4119	-5803
4120	-5803
4121	-5803
4122	-5803
4123	-5785
4124	-5785
4125	-5780
4126	-5786.5
4127	-5786
4128	-5786.5
4129	-5776
4130	-5776
4131	-5783
4132	-5777.5
4133	-5776
4134	-5784.5
4135	-5785
4136	-5785
4137	-5780
4138	-5786.5
4139	-5778
4140	-5777.5
4141	-5780
4142	-5780
4143	-5780
4144	-5780
4145	-5780
4146	-5780
4147	-5785
4148	-5785
4149	-5783
4150	-5786.5
4151	-5785
4152	-5784.5
4153	-5785
4154	-5785
4155	-5785
4156	-5786.5
4157	-5786
4158	-5786.5
4159	-5786.5
4160	-5786.5
4161	-5788
4162	-5786.5
4163	-5789
4164	-5786.5
4165	-5785
4166	-5785
4167	-5786
4168	-5786.5
4169	-5786.5
4170	-5786.5
4171	-5788
4172	-5786.5
4173	-5789
4174	-5789
4175	-5788
4176	-5788
4177	-5789
4178	-5789
4179	-5792
4180	-5792
4181	-5792
4182	-5792
4183	-5792
4184	-5792
4185	-5785
4186	-5785
4187	-5785
4188	-5786.5
4189	-5786
4190	-5786.5
4191	-5786.5
4192	-5786.5
4193	-5788
4194	-5786.5
4195	-5789
4196	-5786.5
4197	-5786
4198	-5786.5
4199	-5802
4200	-5802
4201	-5803
4202	-5803
4203	-5789
4204	-5789
4205	-5803
4206	-5803
4207	-5806
4208	-5806
4209	-5807
4210	-5807
4211	-5780
4212	-5780
4213	-5785
4214	-5781.5
4215	-5782
4216	-5786.5
4217	-5783
4218	-5783
4219	-5785
4220	-5784.5
4221	-5785
4222	-5785
4223	-5786
4224	-5786.5
4225	-5786.5
4226	-5786.5
4227	-5788
4228	-5788
4229	-5789
4230	-5789
4231	-5783
4232	-5783
4233	-5784
4234	-5784.5
4235	-5785
4236	-5785
4237	-5786
4238	-5786.5
4239	-5786.5
4240	-5786.5
4241	-5788
4242	-5788
4243	-5789
4244	-5789
4245	-5789
4246	-5789
4247	-5789
4248	-5789
4249	-5792
4250	-5792
4251	-5780
4252	-5780
4253	-5782
4254	-5786.5
4255	-5783
4256	-5783
4257	-5785
4258	-5784.5
4259	-5785
4260	-5785
4261	-5785
4262	-5786.5
4263	-5786
4264	-5786.5
4265	-5783
4266	-5783
4267	-5780
4268	-5784.5
4269	-5785
4270	-5785
4271	-5786
4272	-5786.5
4273	-5785
4274	-5785
4275	-5786
4276	-5786.5
4277	-5785
4278	-5785
4279	-5786
4280	-5786.5
4281	-5786.5
4282	-5786.5
4283	-5785
4284	-5785
4285	-5785
4286	-5786.5
4287	-5786
4288	-5786.5
4289	-5786.5
4290	-5786.5
4291	-5788
4292	-5786.5
4293	-5789
4294	-5789
4295	-5785
4296	-5785
4297	-5785
4298	-5786.5
4299	-5785
4300	-5785
4301	-5786
4302	-5786.5
4303	-5785
4304	-5785
4305	-5786
4306	-5786.5
4307	-5786.5
4308	-5786.5
4309	-5785
4310	-5785
4311	-5785
4312	-5786.5
4313	-5786
4314	-5786.5
4315	-5786.5
4316	-5786.5
4317	-5788
4318	-5788
4319	-5789
4320	-5789
4321	-5789
4322	-5786.5
4323	-5792
4324	-5786.5
4325	-5792
4326	-5792
4327	-5788
4328	-5786.5
4329	-5789
4330	-5789
4331	-5788
4332	-5784.5
4333	-5785
4334	-5785
4335	-5785
4336	-5786.5
4337	-5786
4338	-5786.5
4339	-5780
4340	-5780
4341	-5788
4342	-5781.5
4343	-5780
4344	-5780
4345	-5783
4346	-5783
4347	-5780
4348	-5784.5
4349	-5785
4350	-5785
4351	-5786
4352	-5786.5
4353	-5785
4354	-5785
4355	-5785
4356	-5786.5
4357	-5785
4358	-5785
4359	-5785
4360	-5786.5
4361	-5786
4362	-5786.5
4363	-5786.5
4364	-5786.5
4365	-5788
4366	-5788
4367	-5789
4368	-5789
4369	-5789
4370	-5789
4371	-5792
4372	-5792
4373	-5792
4374	-5792
4375	-5792
4376	-5786.5
4377	-5794
4378	-5786.5
4379	-5786.5
4380	-5786.5
4381	-5788
4382	-5788
4383	-5789
4384	-5789
4385	-5803
4386	-5786.5
4387	-5802
4388	-5786.5
4389	-5802
4390	-5802
4391	-5802
4392	-5802
4393	-5802
4394	-5802
4395	-5803
4396	-5803
4397	-5803
4398	-5803
4399	-5806
4400	-5805.5
4401	-5806
4402	-5806
4403	-5807
4404	-5807
4405	-5807
4406	-5807
4407	-5788
4408	-5788
4409	-5789
4410	-5789
4411	-5803
4412	-5803
4413	-5812
4414	-5812
4415	-5792
4416	-5792
4417	-5802
4418	-5802
4419	-5802
4420	-5802
4421	-5803
4422	-5803
4423	-5803
4424	-5803
4425	-5806
4426	-5805.5
4427	-5806
4428	-5806
4429	-5785
4430	-5784.5
4431	-5785
4432	-5785
4433	-5785
4434	-5786.5
4435	-5786
4436	-5786.5
4437	-5786.5
4438	-5786.5
4439	-5788
4440	-5786.5
4441	-5789
4442	-5786.5
4443	-5785
4444	-5785
4445	-5785
4446	-5786.5
4447	-5785
4448	-5785
4449	-5786
4450	-5786.5
4451	-5786.5
4452	-5786.5
4453	-5788
4454	-5788
4455	-5789
4456	-5789
4457	-5789
4458	-5789
4459	-5788
4460	-5788
4461	-5792
4462	-5792
4463	-5792
4464	-5792
4465	-5794
4466	-5794
4467	-5792
4468	-5792
4469	-5803
4470	-5803
4471	-5785
4472	-5785
4473	-5785
4474	-5786.5
4475	-5783
4476	-5786.5
4477	-5785
4478	-5784.5
4479	-5785
4480	-5785
4481	-5785
4482	-5786.5
4483	-5786
4484	-5786.5
4485	-5786.5
4486	-5786.5
4487	-5788
4488	-5786.5
4489	-5789
4490	-5789
4491	-5785
4492	-5785
4493	-5785
4494	-5786.5
4495	-5785
4496	-5786.5
4497	-5785
4498	-5785
4499	-5786
4500	-5786.5
4501	-5785
4502	-5785
4503	-5785
4504	-5786.5
4505	-5786
4506	-5786.5
4507	-5785
4508	-5785
4509	-5785
4510	-5786.5
4511	-5785
4512	-5786.5
4513	-5785
4514	-5786.5
4515	-5785
4516	-5786.5
4517	-5785
4518	-5786.5
4519	-5786
4520	-5786.5
4521	-5786.5
4522	-5786.5
4523	-5788
4524	-5788
4525	-5789
4526	-5789
4527	-5789
4528	-5789
4529	-5792
4530	-5792
4531	-5792
4532	-5792
4533	-5792
4534	-5786.5
4535	-5794
4536	-5786.5
4537	-5802
4538	-5802
4539	-5803
4540	-5803
4541	-5785
4542	-5784.5
4543	-5785
4544	-5785
4545	-5785
4546	-5786.5
4547	-5785
4548	-5786.5
4549	-5785
4550	-5786.5
4551	-5786
4552	-5786.5
4553	-5786.5
4554	-5786.5
4555	-5788
4556	-5788
4557	-5789
4558	-5789
4559	-5789
4560	-5789
4561	-5792
4562	-5792
4563	-5792
4564	-5792
4565	-5792
4566	-5786.5
4567	-5794
4568	-5786.5
4569	-5786
4570	-5786.5
4571	-5786.5
4572	-5786.5
4573	-5776
4574	-5776
4575	-5780
4576	-5777.5
4577	-5778
4578	-5778
4579	-5779
4580	-5779
4581	-5780
4582	-5780
4583	-5780
4584	-5781.5
4585	-5782
4586	-5782
4587	-5783
4588	-5783
4589	-5784
4590	-5784.5
4591	-5785
4592	-5785
4593	-5786
4594	-5786.5
4595	-5786.5
4596	-5786.5
4597	-5788
4598	-5786.5
4599	-5789
4600	-5789
4601	-5785
4602	-5786.5
4603	-5785
4604	-5786.5
4605	-5785
4606	-5786.5
4607	-5785
4608	-5786.5
4609	-5786
4610	-5786.5
4611	-5786.5
4612	-5786.5
4613	-5788
4614	-5786.5
4615	-5789
4616	-5786.5
4617	-5786.5
4618	-5786.5
4619	-5785
4620	-5785
4621	-5786
4622	-5786.5
4623	-5786.5
4624	-5786.5
4625	-5788
4626	-5788
4627	-5785
4628	-5785
4629	-5786
4630	-5786.5
4631	-5785
4632	-5785
4633	-5786
4634	-5786.5
4635	-5786.5
4636	-5786.5
4637	-5788
4638	-5786.5
4639	-5789
4640	-5786.5
4641	-5786.5
4642	-5784.5
4643	-5785
4644	-5785
4645	-5786
4646	-5786.5
4647	-5785
4648	-5785
4649	-5786
4650	-5786.5
4651	-5786.5
4652	-5786.5
4653	-5788
4654	-5777.5
4655	-5778
4656	-5777.5
4657	-5780
4658	-5780
4659	-5780
4660	-5780
4661	-5780
4662	-5780
4663	-5780
4664	-5786.5
4665	-5783
4666	-5783
4667	-5785
4668	-5784.5
4669	-5785
4670	-5785
4671	-5785
4672	-5786.5
4673	-5785
4674	-5786.5
4675	-5786
4676	-5786.5
4677	-5786.5
4678	-5786.5
4679	-5788
4680	-5788
4681	-5789
4682	-5789
4683	-5789
4684	-5789
4685	-5792
4686	-5786.5
4687	-5785
4688	-5785
4689	-5785
4690	-5786.5
4691	-5785
4692	-5786.5
4693	-5785
4694	-5785
4695	-5786
4696	-5786.5
4697	-5786.5
4698	-5786.5
4699	-5788
4700	-5788
4701	-5789
4702	-5789
4703	-5789
4704	-5789
4705	-5788
4706	-5788
4707	-5792
4708	-5792
4709	-5792
4710	-5792
4711	-5794
4712	-5794
4713	-5792
4714	-5792
4715	-5806
4716	-5806
4717	-5785
4718	-5785
4719	-5785
4720	-5786.5
4721	-5785
4722	-5785
4723	-5785
4724	-5786.5
4725	-5786
4726	-5786.5
4727	-5780
4728	-5780
4729	-5785
4730	-5785
4731	-5786
4732	-5786.5
4733	-5783
4734	-5783
4735	-5784
4736	-5784.5
4737	-5785
4738	-5785
4739	-5786
4740	-5786.5
4741	-5786.5
4742	-5786.5
4743	-5788
4744	-5786.5
4745	-5789
4746	-5786.5
4747	-5786
4748	-5786.5
4749	-5785
4750	-5785
4751	-5785
4752	-5786.5
4753	-5785
4754	-5786.5
4755	-5785
4756	-5786.5
4757	-5783
4758	-5786.5
4759	-5785
4760	-5784.5
4761	-5785
4762	-5785
4763	-5786
4764	-5786.5
4765	-5786.5
4766	-5786.5
4767	-5788
4768	-5786.5
4769	-5789
4770	-5789
4771	-5785
4772	-5785
4773	-5786
4774	-5786.5
4775	-5786.5
4776	-5786.5
4777	-5788
4778	-5788
4779	-5785
4780	-5784.5
4781	-5785
4782	-5785
4783	-5786
4784	-5786.5
4785	-5786.5
4786	-5786.5
4787	-5788
4788	-5786.5
4789	-5789
4790	-5789
4791	-5788
4792	-5788
4793	-5789
4794	-5789
4795	-5792
4796	-5792
4797	-5792
4798	-5792
4799	-5792
4800	-5792
4801	-5792
4802	-5792
4803	-5794
4804	-5794
4805	-5802
4806	-5802
4807	-5803
4808	-5803
4809	-5799
4810	-5799
4811	-5800
4812	-5800
4813	-5802
4814	-5802
4815	-5802
4816	-5802
4817	-5803
4818	-5803
4819	-5802
4820	-5802
4821	-5803
4822	-5803
4823	-5806
4824	-5806
4825	-5807
4826	-5807
4827	-5806
4828	-5786.5
4829	-5807
4830	-5807
4831	-5786
4832	-5786.5
4833	-5785
4834	-5785
4835	-5786
4836	-5786.5
4837	-5786.5
4838	-5786.5
4839	-5788
4840	-5788
4841	-5789
4842	-5789
4843	-5789
4844	-5789
4845	-5783
4846	-5786.5
4847	-5792
4848	-5784.5
4849	-5785
4850	-5785
4851	-5786
4852	-5786.5
4853	-5786.5
4854	-5786.5
4855	-5788
4856	-5786.5
4857	-5789
4858	-5786.5
4859	-5786.5
4860	-5786.5
4861	-5788
4862	-5788
4863	-5789
4864	-5789
4865	-5789
4866	-5789
4867	-5792
4868	-5792
4869	-5792
4870	-5792
4871	-5792
4872	-5792
4873	-5794
4874	-5794
4875	-5806
4876	-5806
4877	-5807
4878	-5807
4879	-5800
4880	-5800
4881	-5801
4882	-5801
4883	-5802
4884	-5802
4885	-5803
4886	-5803
4887	-5802
4888	-5802
4889	-5802
4890	-5802
4891	-5803
4892	-5803
4893	-5785
4894	-5785
4895	-5786
4896	-5786.5
4897	-5785
4898	-5785
4899	-5785
4900	-5786.5
4901	-5786
4902	-5786.5
4903	-5786.5
4904	-5786.5
4905	-5788
4906	-5788
4907	-5789
4908	-5789
4909	-5789
4910	-5789
4911	-5792
4912	-5792
4913	-5785
4914	-5785
4915	-5785
4916	-5786.5
4917	-5785
4918	-5786.5
4919	-5785
4920	-5786.5
4921	-5786
4922	-5786.5
4923	-5786.5
4924	-5786.5
4925	-5788
4926	-5788
4927	-5789
4928	-5789
4929	-5789
4930	-5789
4931	-5792
4932	-5792
4933	-5792
4934	-5792
4935	-5803
4936	-5803
4937	-5794
4938	-5786.5
4939	-5806
4940	-5805.5
4941	-5806
4942	-5806
4943	-5807
4944	-5807
4945	-5807
4946	-5807
4947	-5802
4948	-5802
4949	-5802
4950	-5802
4951	-5802
4952	-5802
4953	-5802
4954	-5802
4955	-5803
4956	-5803
4957	-5803
4958	-5803
4959	-5806
4960	-5805.5
4961	-5806
4962	-5806
4963	-5807
4964	-5807
4965	-5807
4966	-5807
4967	-5802
4968	-5802
4969	-5802
4970	-5802
4971	-5803
4972	-5803
4973	-5812
4974	-5812
4975	-5803
4976	-5803
4977	-5806
4978	-5806
4979	-5807
4980	-5807
4981	-5806
4982	-5786.5
4983	-5807
4984	-5807
4985	-5788
4986	-5786.5
4987	-5789
4988	-5789
4989	-5812
4990	-5812
4991	-5789
4992	-5789
4993	-5792
4994	-5792
4995	-5802
4996	-5802
4997	-5803
4998	-5803
4999	-5802
