   0.0000000e+00	  -1.2993345e+02	
   2.0000000e+00	  -9.0393320e+01	
   4.0000000e+00	  -3.2385803e+01	
   6.0000000e+00	  -1.4253645e+02	
   8.0000000e+00	  -6.8752980e+01	
   1.0000000e+01	  -1.7225865e+02	
   1.2000000e+01	  -3.5470764e+02	
   1.4000000e+01	  -2.4468227e+02	
   1.6000000e+01	  -2.5490368e+02	
   1.8000000e+01	  -3.2621301e+02	
   2.0000000e+01	  -1.7484344e+02	
   2.2000000e+01	  -3.1826905e+02	
   2.4000000e+01	  -4.4599445e+02	
   2.6000000e+01	  -5.9769298e+02	
   2.8000000e+01	  -3.8678611e+02	
   3.0000000e+01	  -2.5523770e+02	
   3.2000000e+01	   1.4075630e+01	
   3.4000000e+01	   1.8145082e+02	
   3.6000000e+01	   1.4018142e+02	
   3.8000000e+01	   2.7780146e+01	
   4.0000000e+01	  -1.2048047e+02	
   4.2000000e+01	  -7.7806406e+01	
   4.4000000e+01	   3.4878179e+01	
   4.6000000e+01	  -2.5196405e+02	
   4.8000000e+01	  -1.3897524e+02	
   5.0000000e+01	   4.9988428e+01	
   5.2000000e+01	  -2.1093886e+01	
   5.4000000e+01	   6.4456006e+01	
   5.6000000e+01	  -2.5239116e+01	
   5.8000000e+01	   1.3240673e+02	
   6.0000000e+01	  -2.1384830e+01	
   6.2000000e+01	   1.8094934e+02	
   6.4000000e+01	   1.8386326e+02	
   6.6000000e+01	   2.5338900e+02	
   6.8000000e+01	   2.6389173e+02	
   7.0000000e+01	   3.5067886e+02	
   7.2000000e+01	   3.7310475e+02	
   7.4000000e+01	   2.6954289e+02	
   7.6000000e+01	   3.3351494e+02	
   7.8000000e+01	   4.6430305e+01	
   8.0000000e+01	   2.5199274e+02	
   8.2000000e+01	   3.5113511e+02	
   8.4000000e+01	   2.6540271e+02	
   8.6000000e+01	   2.5657928e+02	
   8.8000000e+01	   2.6374104e+02	
   9.0000000e+01	   1.7975304e+02	
   9.2000000e+01	   9.7929048e+01	
   9.4000000e+01	  -1.5460173e+01	
   9.6000000e+01	  -2.2894890e+02	
   9.8000000e+01	   8.1101048e+01	
   1.0000000e+02	   3.0229811e+02	
   1.0200000e+02	   3.2374208e+02	
   1.0400000e+02	   5.9499222e+02	
   1.0600000e+02	   3.4101464e+02	
   1.0800000e+02	  -1.3695910e+02	
   1.1000000e+02	  -2.0465619e+02	
   1.1200000e+02	  -3.5570562e+01	
   1.1400000e+02	   9.5319950e+01	
   1.1600000e+02	  -1.9716622e+01	
   1.1800000e+02	  -7.1064156e+01	
   1.2000000e+02	  -1.2601412e+02	
   1.2200000e+02	  -2.3562367e+00	
   1.2400000e+02	   3.2577587e+02	
   1.2600000e+02	   3.3959818e+02	
   1.2800000e+02	   1.0147881e+02	
   1.3000000e+02	   6.0495333e+00	
   1.3200000e+02	  -1.9629276e+02	
   1.3400000e+02	  -3.5895173e+02	
   1.3600000e+02	  -1.5437341e+02	
   1.3800000e+02	  -1.9565278e+01	
   1.4000000e+02	   1.1843565e+02	
   1.4200000e+02	   1.8883685e+01	
   1.4400000e+02	   3.7568197e+01	
   1.4600000e+02	   1.3220560e+02	
   1.4800000e+02	   9.3203224e+01	
   1.5000000e+02	   3.9471028e+02	
   1.5200000e+02	   4.1512792e+02	
   1.5400000e+02	   1.8323808e+02	
   1.5600000e+02	   9.0868187e+01	
   1.5800000e+02	  -2.1071093e+02	
   1.6000000e+02	  -2.8108836e+02	
   1.6200000e+02	  -3.3829676e+02	
   1.6400000e+02	  -2.9589776e+02	
   1.6600000e+02	  -3.1484118e+02	
   1.6800000e+02	  -3.4313650e+02	
   1.7000000e+02	  -2.2164572e+02	
   1.7200000e+02	   2.3144998e+02	
   1.7400000e+02	   5.1839304e+01	
   1.7600000e+02	   4.5789084e+02	
   1.7800000e+02	   3.1552263e+02	
   1.8000000e+02	   2.3482209e+02	
   1.8200000e+02	  -6.1179012e+01	
   1.8400000e+02	   1.3615806e+02	
   1.8600000e+02	  -6.2100078e+00	
   1.8800000e+02	   7.6807441e+01	
   1.9000000e+02	  -1.2401420e+02	
   1.9200000e+02	  -3.1273640e+01	
   1.9400000e+02	  -3.2974933e+01	
   1.9600000e+02	   5.5245513e+01	
   1.9800000e+02	   1.2648733e+02	
   2.0000000e+02	   8.4184070e+01	
   2.0200000e+02	  -1.5602181e+02	
   2.0400000e+02	   6.9706149e+01	
   2.0600000e+02	   5.3466295e+01	
   2.0800000e+02	   2.5575163e+02	
   2.1000000e+02	   3.1843208e+02	
   2.1200000e+02	  -3.4247425e+01	
   2.1400000e+02	  -1.6864471e+02	
   2.1600000e+02	  -1.8723392e+02	
   2.1800000e+02	  -1.1690940e+02	
   2.2000000e+02	   1.5002707e+02	
   2.2200000e+02	   1.8191784e+02	
   2.2400000e+02	   2.2625829e+02	
   2.2600000e+02	  -1.4544473e+00	
   2.2800000e+02	  -1.1167404e+02	
   2.3000000e+02	  -5.8384986e+00	
   2.3200000e+02	  -6.9533381e+01	
   2.3400000e+02	  -9.3740005e+01	
   2.3600000e+02	  -2.1691698e+02	
   2.3800000e+02	  -1.2946334e+02	
   2.4000000e+02	  -3.4893721e+02	
   2.4200000e+02	  -2.6577923e+02	
   2.4400000e+02	  -3.1097811e+02	
   2.4600000e+02	  -2.7823655e+02	
   2.4800000e+02	  -2.9748047e+02	
   2.5000000e+02	  -1.9935977e+02	
   2.5200000e+02	  -2.6733107e+02	
   2.5400000e+02	   3.8368464e+01	
   2.5600000e+02	  -4.5798276e+00	
   2.5800000e+02	  -1.0143722e+01	
   2.6000000e+02	  -2.3333891e+02	
   2.6200000e+02	  -1.1313050e+00	
   2.6400000e+02	  -1.9468920e+02	
   2.6600000e+02	  -7.3577709e+01	
   2.6800000e+02	   2.4329452e+01	
   2.7000000e+02	  -8.5569464e+01	
   2.7200000e+02	  -3.2147013e+02	
   2.7400000e+02	  -3.1649595e+02	
   2.7600000e+02	  -3.6569368e+02	
   2.7800000e+02	  -3.9347528e+02	
   2.8000000e+02	  -3.4276032e+02	
   2.8200000e+02	  -3.3228596e+02	
   2.8400000e+02	  -3.8096806e+02	
   2.8600000e+02	  -3.4006781e+02	
   2.8800000e+02	  -1.6207428e+02	
   2.9000000e+02	  -3.4221563e+02	
   2.9200000e+02	   3.6007306e+01	
   2.9400000e+02	   2.5638624e+02	
   2.9600000e+02	   5.9932747e+01	
   2.9800000e+02	  -2.0028809e+02	
   3.0000000e+02	  -2.2401796e+02	
   3.0200000e+02	  -5.9081774e+02	
   3.0400000e+02	  -7.2655827e+02	
   3.0600000e+02	  -5.9319988e+02	
   3.0800000e+02	  -6.2622907e+02	
   3.1000000e+02	  -5.6658348e+02	
   3.1200000e+02	  -5.6031359e+02	
   3.1400000e+02	  -3.7874867e+02	
   3.1600000e+02	   1.1383902e+02	
   3.1800000e+02	   1.1746532e+02	
   3.2000000e+02	   1.4064448e+02	
   3.2200000e+02	   2.6243833e+02	
   3.2400000e+02	   2.5372340e+02	
   3.2600000e+02	   8.8462767e+01	
   3.2800000e+02	   1.3755105e+02	
   3.3000000e+02	  -4.8944660e+00	
   3.3200000e+02	  -1.1310222e+02	
   3.3400000e+02	  -1.4980724e+02	
   3.3600000e+02	  -7.2361393e+01	
   3.3800000e+02	  -2.6321746e+00	
   3.4000000e+02	  -1.1404950e+02	
   3.4200000e+02	  -3.3040085e+02	
   3.4400000e+02	  -2.4450250e+02	
   3.4600000e+02	  -4.2724753e+02	
   3.4800000e+02	  -9.9688380e+01	
   3.5000000e+02	  -3.4846709e+01	
   3.5200000e+02	   2.9294372e+02	
   3.5400000e+02	   1.6724453e+02	
   3.5600000e+02	   2.2928407e+02	
   3.5800000e+02	   4.1930777e+02	
   3.6000000e+02	   2.0349739e+02	
   3.6200000e+02	   3.1159995e+02	
   3.6400000e+02	   3.4013165e+02	
   3.6600000e+02	   3.0800627e+02	
   3.6800000e+02	   1.5282872e+02	
   3.7000000e+02	   3.4344874e+02	
   3.7200000e+02	   1.6515955e+02	
   3.7400000e+02	   1.7210278e+02	
   3.7600000e+02	   1.2825873e+02	
   3.7800000e+02	   7.0749634e+01	
   3.8000000e+02	   1.1618269e+02	
   3.8200000e+02	   3.1639178e+02	
   3.8400000e+02	  -6.8657987e+01	
   3.8600000e+02	  -8.6043175e+01	
   3.8800000e+02	  -4.5063549e+01	
   3.9000000e+02	   5.5180645e+01	
   3.9200000e+02	  -4.3282587e+01	
   3.9400000e+02	   1.3812035e+02	
   3.9600000e+02	  -1.7259439e+01	
   3.9800000e+02	  -2.1334071e+01	
   4.0000000e+02	  -3.3356173e+02	
   4.0200000e+02	  -1.5568443e+02	
   4.0400000e+02	  -1.3648047e+02	
   4.0600000e+02	  -1.7905448e+02	
   4.0800000e+02	   1.0818380e+02	
   4.1000000e+02	   4.5710596e+02	
   4.1200000e+02	   3.8055111e+02	
   4.1400000e+02	   3.1966716e+02	
   4.1600000e+02	   3.9949907e+02	
   4.1800000e+02	   3.1694602e+02	
   4.2000000e+02	   3.3250422e+02	
   4.2200000e+02	   3.8274132e+02	
   4.2400000e+02	   2.1687226e+02	
   4.2600000e+02	   2.5470889e+02	
   4.2800000e+02	   1.8773492e+02	
   4.3000000e+02	   1.5937928e+02	
   4.3200000e+02	   2.8530293e+02	
   4.3400000e+02	   5.0076263e+02	
   4.3600000e+02	   3.1846349e+02	
   4.3800000e+02	   4.6047683e+02	
   4.4000000e+02	   5.3113235e+02	
   4.4200000e+02	   5.7925492e+02	
   4.4400000e+02	   4.6083659e+02	
   4.4600000e+02	   3.4372805e+02	
   4.4800000e+02	   1.5442403e+02	
   4.5000000e+02	  -1.9186978e+01	
   4.5200000e+02	  -2.1122222e+02	
   4.5400000e+02	  -1.3958972e+02	
   4.5600000e+02	   3.7245739e+01	
   4.5800000e+02	   1.9860542e+02	
   4.6000000e+02	   3.3772128e+02	
   4.6200000e+02	   1.7078216e+02	
   4.6400000e+02	   1.2396707e+02	
   4.6600000e+02	   1.0913555e+02	
   4.6800000e+02	   3.7406951e+02	
   4.7000000e+02	   3.9698837e+02	
   4.7200000e+02	   2.7669392e+02	
   4.7400000e+02	   1.2824902e+02	
   4.7600000e+02	   4.9716987e+02	
   4.7800000e+02	   5.9323839e+02	
   4.8000000e+02	   4.6463088e+02	
   4.8200000e+02	   3.4352889e+02	
   4.8400000e+02	   2.7547835e+02	
   4.8600000e+02	   3.4939837e+02	
   4.8800000e+02	   3.5008982e+02	
   4.9000000e+02	   3.1226068e+02	
   4.9200000e+02	   5.0193410e+02	
   4.9400000e+02	   5.5385363e+02	
   4.9600000e+02	   6.4656861e+02	
   4.9800000e+02	   4.6829441e+02	
   5.0000000e+02	   3.8518380e+02	
   5.0200000e+02	   5.5193981e+02	
   5.0400000e+02	   4.6323632e+02	
   5.0600000e+02	   6.9824116e+02	
   5.0800000e+02	   8.2766265e+02	
   5.1000000e+02	   7.4443855e+02	
   5.1200000e+02	   6.4698948e+02	
   5.1400000e+02	   5.4091428e+02	
   5.1600000e+02	   3.8621389e+02	
   5.1800000e+02	   3.4047059e+02	
   5.2000000e+02	   2.7940002e+02	
   5.2200000e+02	   3.3622754e+02	
   5.2400000e+02	   2.7876769e+02	
   5.2600000e+02	   3.5432919e+02	
   5.2800000e+02	   4.2887537e+02	
   5.3000000e+02	   4.8209111e+02	
   5.3200000e+02	   4.9284665e+02	
   5.3400000e+02	   5.8357340e+02	
   5.3600000e+02	   6.6508735e+02	
   5.3800000e+02	   4.5559347e+02	
   5.4000000e+02	   4.6088711e+02	
   5.4200000e+02	   4.5624211e+02	
   5.4400000e+02	   2.8312010e+02	
   5.4600000e+02	   3.5085800e+02	
   5.4800000e+02	   3.5606095e+02	
   5.5000000e+02	   2.5797082e+02	
   5.5200000e+02	   2.1624833e+02	
   5.5400000e+02	   1.0215120e+02	
   5.5600000e+02	   1.3594099e+02	
   5.5800000e+02	   2.6827918e+02	
   5.6000000e+02	   1.9017483e+02	
   5.6200000e+02	   3.8504708e+01	
   5.6400000e+02	   6.7115122e+01	
   5.6600000e+02	  -9.2060757e+01	
   5.6800000e+02	  -2.1133879e+02	
   5.7000000e+02	  -1.7851872e+02	
   5.7200000e+02	  -2.2832925e+02	
   5.7400000e+02	  -2.8561902e+02	
   5.7600000e+02	  -2.9985342e+02	
   5.7800000e+02	  -3.1950127e+02	
   5.8000000e+02	  -3.9222822e+02	
   5.8200000e+02	  -4.4235427e+02	
   5.8400000e+02	  -3.8246190e+02	
   5.8600000e+02	  -3.7398465e+02	
   5.8800000e+02	  -3.5313202e+02	
   5.9000000e+02	  -3.9939565e+02	
   5.9200000e+02	  -4.3690755e+02	
   5.9400000e+02	  -3.5830851e+02	
   5.9600000e+02	  -3.9917799e+02	
   5.9800000e+02	  -3.2102229e+02	
   6.0000000e+02	  -3.3545619e+02	
   6.0200000e+02	  -2.3710845e+02	
   6.0400000e+02	  -2.6217325e+02	
   6.0600000e+02	  -3.3051068e+02	
   6.0800000e+02	  -3.7368361e+02	
   6.1000000e+02	  -3.7428245e+02	
   6.1200000e+02	  -1.5842791e+02	
   6.1400000e+02	  -2.1900523e+02	
   6.1600000e+02	  -1.8617584e+01	
   6.1800000e+02	   5.2883244e+01	
   6.2000000e+02	   9.9020421e+01	
   6.2200000e+02	   7.1539538e+01	
   6.2400000e+02	  -1.0042377e+02	
   6.2600000e+02	  -8.3953140e+01	
   6.2800000e+02	  -1.3146452e+01	
   6.3000000e+02	  -5.7623110e+01	
   6.3200000e+02	   1.0096088e+02	
   6.3400000e+02	  -1.2549632e+02	
   6.3600000e+02	  -3.0057248e+02	
   6.3800000e+02	  -1.8994517e+02	
   6.4000000e+02	  -2.6110332e+02	
   6.4200000e+02	  -2.3539057e+02	
   6.4400000e+02	  -8.0118789e+01	
   6.4600000e+02	  -4.2003687e+01	
   6.4800000e+02	   9.4580798e+01	
   6.5000000e+02	   8.1551008e+01	
   6.5200000e+02	   1.0063143e+02	
   6.5400000e+02	   1.0293704e+02	
   6.5600000e+02	  -3.0372174e+02	
   6.5800000e+02	  -4.8680738e+01	
   6.6000000e+02	  -3.6929699e+01	
   6.6200000e+02	  -2.3219030e+02	
   6.6400000e+02	  -2.1040179e+02	
   6.6600000e+02	  -7.7665208e+01	
   6.6800000e+02	  -4.0532158e+02	
   6.7000000e+02	  -4.5767815e+02	
   6.7200000e+02	  -3.3437967e+02	
   6.7400000e+02	  -4.5490477e+02	
   6.7600000e+02	  -2.4938379e+02	
   6.7800000e+02	  -3.8383409e+01	
   6.8000000e+02	  -5.8830773e+01	
   6.8200000e+02	  -1.0449834e+02	
   6.8400000e+02	  -2.5115964e-01	
   6.8600000e+02	   1.2549730e+02	
   6.8800000e+02	   6.6949490e+01	
   6.9000000e+02	  -1.6175635e+02	
   6.9200000e+02	  -5.7626418e+02	
   6.9400000e+02	  -6.1131432e+02	
   6.9600000e+02	  -5.1052028e+02	
   6.9800000e+02	  -5.0683791e+02	
   7.0000000e+02	  -4.9112159e+02	
   7.0200000e+02	  -7.0196423e+02	
   7.0400000e+02	  -3.9728339e+02	
   7.0600000e+02	  -4.9329023e+02	
   7.0800000e+02	  -3.0774193e+02	
   7.1000000e+02	  -2.5510556e+02	
   7.1200000e+02	  -3.3801357e+02	
   7.1400000e+02	  -1.6100032e+02	
   7.1600000e+02	   9.2901940e+00	
   7.1800000e+02	  -2.5721787e+02	
   7.2000000e+02	  -1.8330622e+02	
   7.2200000e+02	  -2.1015904e+02	
   7.2400000e+02	  -1.5802985e+02	
   7.2600000e+02	  -1.8396501e+02	
   7.2800000e+02	  -2.6432354e+02	
   7.3000000e+02	   7.5242060e+01	
   7.3200000e+02	   1.1892055e+02	
   7.3400000e+02	  -1.6113524e+02	
   7.3600000e+02	  -2.2970772e+01	
   7.3800000e+02	  -1.1228782e+02	
   7.4000000e+02	  -1.3354676e+02	
   7.4200000e+02	  -1.9060632e+02	
   7.4400000e+02	  -1.7160328e+02	
   7.4600000e+02	  -7.5125099e+00	
   7.4800000e+02	  -1.0030653e+00	
   7.5000000e+02	   1.1544300e+02	
   7.5200000e+02	   1.3358701e+01	
   7.5400000e+02	  -7.4762216e+01	
   7.5600000e+02	  -4.0934305e+02	
   7.5800000e+02	  -2.4067816e+02	
   7.6000000e+02	  -2.8453195e+02	
   7.6200000e+02	  -3.9284616e+02	
   7.6400000e+02	  -5.2309711e+02	
   7.6600000e+02	  -4.5862150e+02	
   7.6800000e+02	  -2.8034040e+02	
   7.7000000e+02	  -4.8532674e+02	
   7.7200000e+02	  -6.8471191e+02	
   7.7400000e+02	  -1.2241673e+02	
   7.7600000e+02	   5.5716612e+01	
   7.7800000e+02	  -1.2674940e+02	
   7.8000000e+02	  -8.4293413e+01	
   7.8200000e+02	  -1.0208258e+02	
   7.8400000e+02	  -1.3957151e+02	
   7.8600000e+02	   8.7384937e+01	
   7.8800000e+02	   8.6107009e+01	
   7.9000000e+02	   1.6255411e+01	
   7.9200000e+02	   4.3391517e+01	
   7.9400000e+02	   2.8255100e+01	
   7.9600000e+02	  -1.2676470e+02	
   7.9800000e+02	  -2.3696423e+02	
   8.0000000e+02	  -1.5531373e+02	
   8.0200000e+02	  -2.0225262e+02	
   8.0400000e+02	  -1.8846321e+02	
   8.0600000e+02	  -2.4369679e+02	
   8.0800000e+02	  -3.6293649e+02	
   8.1000000e+02	  -2.9138414e+02	
   8.1200000e+02	  -2.7764049e+02	
   8.1400000e+02	  -2.7009676e+02	
   8.1600000e+02	  -8.8676438e+01	
   8.1800000e+02	  -1.1696017e+02	
   8.2000000e+02	   7.0569895e+01	
   8.2200000e+02	   2.9574584e+01	
   8.2400000e+02	   9.6330339e+01	
   8.2600000e+02	   1.3969763e+02	
   8.2800000e+02	  -1.4118439e+02	
   8.3000000e+02	   1.7956460e+02	
   8.3200000e+02	  -7.3190720e+01	
   8.3400000e+02	  -2.4197635e+02	
   8.3600000e+02	  -2.4365633e+02	
   8.3800000e+02	  -1.5021190e+02	
   8.4000000e+02	  -1.4454534e+02	
   8.4200000e+02	  -7.3143170e+01	
   8.4400000e+02	   2.2420771e+02	
   8.4600000e+02	   2.8495451e-01	
   8.4800000e+02	   1.8521247e+01	
   8.5000000e+02	   2.1256861e+02	
   8.5200000e+02	   1.0710722e+02	
   8.5400000e+02	   1.1638171e+02	
   8.5600000e+02	   1.5893071e+02	
   8.5800000e+02	   1.2142191e+02	
   8.6000000e+02	   1.3917404e+02	
   8.6200000e+02	   7.5766130e+01	
   8.6400000e+02	   3.8432895e+01	
   8.6600000e+02	  -4.4950550e+00	
   8.6800000e+02	   7.1493127e+01	
   8.7000000e+02	  -2.5554434e+01	
   8.7200000e+02	   5.5977871e+01	
   8.7400000e+02	   1.0983171e+01	
   8.7600000e+02	   2.6196259e+01	
   8.7800000e+02	  -6.2567037e+01	
   8.8000000e+02	  -7.7566277e+01	
   8.8200000e+02	  -3.5176727e+01	
   8.8400000e+02	   5.6498801e+00	
   8.8600000e+02	  -1.1216514e+02	
   8.8800000e+02	  -1.2766153e+02	
   8.9000000e+02	  -2.3845200e+02	
   8.9200000e+02	   6.9360115e+01	
   8.9400000e+02	   3.1344305e+02	
   8.9600000e+02	   2.9360296e+02	
   8.9800000e+02	   5.7435422e+02	
   9.0000000e+02	   3.3585917e+02	
   9.0200000e+02	   1.8296326e+02	
   9.0400000e+02	   1.6150592e+02	
   9.0600000e+02	   3.2533900e+02	
   9.0800000e+02	   7.9762534e+01	
   9.1000000e+02	   2.2157158e+02	
   9.1200000e+02	   1.7166677e+02	
   9.1400000e+02	   6.8143253e+01	
   9.1600000e+02	  -3.2529903e+01	
   9.1800000e+02	   1.4805273e+02	
   9.2000000e+02	   1.1200893e+02	
   9.2200000e+02	  -2.3776545e+01	
   9.2400000e+02	   6.2537135e+00	
   9.2600000e+02	  -3.0806814e+02	
   9.2800000e+02	  -5.8411523e+01	
   9.3000000e+02	  -7.7454131e+01	
   9.3200000e+02	  -2.6525643e+02	
   9.3400000e+02	  -3.4645791e+02	
   9.3600000e+02	  -3.3676078e+02	
   9.3800000e+02	  -2.3750641e+02	
   9.4000000e+02	  -3.4388784e+02	
   9.4200000e+02	  -3.3861074e+02	
   9.4400000e+02	  -4.4505329e+02	
   9.4600000e+02	  -3.4207299e+02	
   9.4800000e+02	  -2.1981568e+02	
   9.5000000e+02	  -3.5183448e+02	
   9.5200000e+02	  -1.1309447e+02	
   9.5400000e+02	   2.1666417e+02	
   9.5600000e+02	  -1.0791431e+02	
   9.5800000e+02	  -2.3009945e+02	
   9.6000000e+02	  -5.1920607e+01	
   9.6200000e+02	   5.1876101e+01	
   9.6400000e+02	   6.6837010e+01	
   9.6600000e+02	  -8.5790130e+01	
   9.6800000e+02	   1.8049986e+02	
   9.7000000e+02	  -3.0541946e+01	
   9.7200000e+02	  -1.5444626e+02	
   9.7400000e+02	   4.7226088e+01	
   9.7600000e+02	  -4.0033110e+01	
   9.7800000e+02	  -1.4009660e+02	
   9.8000000e+02	   3.3216757e+02	
   9.8200000e+02	   1.1759899e+02	
   9.8400000e+02	   8.3169839e+00	
   9.8600000e+02	  -3.1845923e+00	
   9.8800000e+02	  -1.1520153e+02	
   9.9000000e+02	  -3.2625456e+01	
   9.9200000e+02	  -2.4695863e+01	
   9.9400000e+02	   9.9415042e+01	
   9.9600000e+02	   2.8388647e+01	
   9.9800000e+02	   1.1051816e+02	
   1.0000000e+03	   4.7734375e+01	
   1.0020000e+03	   5.3223994e+01	
   1.0040000e+03	   1.4561452e+02	
   1.0060000e+03	  -5.5307859e+01	
   1.0080000e+03	  -8.7981234e+01	
   1.0100000e+03	  -2.5222578e+01	
   1.0120000e+03	  -4.8377419e+01	
   1.0140000e+03	   3.5994427e+01	
   1.0160000e+03	   3.4875067e+01	
   1.0180000e+03	   6.1190297e+01	
   1.0200000e+03	   5.7712610e+01	
   1.0220000e+03	   1.0241671e+02	
   1.0240000e+03	   3.0832634e+02	
   1.0260000e+03	   1.4741721e+02	
   1.0280000e+03	   2.4476635e+02	
   1.0300000e+03	   2.6015247e+02	
   1.0320000e+03	   5.1544602e+02	
   1.0340000e+03	   2.8607219e+02	
   1.0360000e+03	   1.2910818e+02	
   1.0380000e+03	  -9.6788009e+01	
   1.0400000e+03	   5.8230031e+01	
   1.0420000e+03	   2.6705539e+01	
   1.0440000e+03	  -7.7939626e+01	
   1.0460000e+03	  -6.1806340e+01	
   1.0480000e+03	  -3.1922245e+01	
   1.0500000e+03	   6.8940289e+00	
   1.0520000e+03	  -8.8992416e+01	
   1.0540000e+03	   1.5769757e+01	
   1.0560000e+03	   1.8786111e+02	
   1.0580000e+03	   2.5298980e+02	
   1.0600000e+03	   2.8254953e+02	
   1.0620000e+03	   1.8673557e+02	
   1.0640000e+03	   9.7447894e+01	
   1.0660000e+03	   1.1966242e+01	
   1.0680000e+03	   2.8087343e+01	
   1.0700000e+03	   4.9545546e+00	
   1.0720000e+03	  -9.6520276e+00	
   1.0740000e+03	   8.4655422e+01	
   1.0760000e+03	   8.6716783e+01	
   1.0780000e+03	   1.6032731e+02	
   1.0800000e+03	   2.0683082e+02	
   1.0820000e+03	   1.2281846e+02	
   1.0840000e+03	   1.0800510e+02	
   1.0860000e+03	   2.0547983e+02	
   1.0880000e+03	   1.1750349e+02	
   1.0900000e+03	   9.9093511e+01	
   1.0920000e+03	   7.3707032e+01	
