# $Id: v1711.txt 8 2012-02-27 20:41:48Z pwessel $
# Section of lon, lat, depth from Vema 1711 off Argentina
301.97220	-46.19733	560.152	-3373.0
301.96184	-46.19413	559.279	-3459.0
301.92040	-46.18133	555.786	-3213.0
301.91004	-46.17813	554.912	-3269.0
301.88587	-46.17066	552.874	-3157.0
301.86170	-46.16320	550.836	-3062.0
301.85479	-46.16106	550.253	-3060.0
301.82026	-46.15040	547.341	-2953.0
301.80990	-46.14720	546.467	-2949.0
301.77191	-46.13546	543.263	-2837.0
301.73738	-46.12480	540.349	-2781.0
301.72702	-46.12160	539.475	-2743.0
301.71666	-46.11840	538.601	-2734.0
301.68558	-46.10880	535.978	-2687.0
301.66140	-46.10133	533.938	-2706.0
301.64759	-46.09707	532.772	-2743.0
301.64068	-46.09493	532.189	-2715.0
301.63032	-46.09173	531.315	-2743.0
301.62342	-46.08960	530.732	-2724.0
301.61306	-46.08640	529.857	-2734.0
301.58543	-46.07786	527.524	-2677.0
301.56126	-46.07040	525.483	-2662.0
301.49910	-46.05120	520.233	-2593.0
301.46456	-46.04053	517.316	-2556.0
301.43694	-46.03200	514.982	-2518.0
301.40240	-46.02133	512.064	-2481.0
301.35751	-46.00747	508.27	-2443.0
301.32225	-45.99612	505.268	-2409.0
301.30747	-45.99095	503.989	-2443.0
301.28531	-45.98319	502.072	-2773.0
301.27422	-45.97931	501.113	-2556.0
301.25944	-45.97414	499.834	-2481.0
301.24836	-45.97026	498.875	-2471.0
301.20403	-45.95474	495.038	-2387.0
301.18555	-45.94828	493.439	-2117.0
301.16708	-45.94181	491.84	-2079.0
301.15230	-45.93664	490.561	-2070.0
301.13752	-45.93146	489.282	-1902.0
301.12275	-45.92629	488.002	-1870.0
301.09319	-45.91595	485.443	-1846.0
301.08949	-45.91465	485.123	-1819.0
301.03407	-45.89526	480.323	-1753.0
300.99713	-45.88233	477.122	-1729.0
300.98235	-45.87715	475.842	-1735.0
300.96757	-45.87198	474.561	-1707.0
300.96018	-45.86940	473.921	-1572.0
300.93802	-45.86164	472	-1558.0
300.90846	-45.85129	469.438	-1572.0
300.89368	-45.84612	468.157	-1549.0
300.88629	-45.84353	467.517	-1494.0
300.87151	-45.83836	466.235	-1456.0
300.84196	-45.82802	463.673	-1441.0
300.81240	-45.81767	461.11	-1466.0
300.79393	-45.81121	459.508	-1738.0
300.77915	-45.80603	458.226	-1494.0
300.76806	-45.80215	457.265	-1475.0
300.75329	-45.79698	455.983	-1382.0
300.66831	-45.76724	448.61	-1312.0
300.66462	-45.76595	448.289	-1295.0
300.63506	-45.75560	445.724	-1258.0
300.57595	-45.73491	440.593	-1216.0
300.53531	-45.72069	437.064	-1178.0
300.48728	-45.70388	432.892	-1138.0
300.48358	-45.70258	432.571	-1153.0
300.42816	-45.68319	427.757	-1105.0
300.41339	-45.67802	426.473	-1132.0
300.40230	-45.67414	425.51	-1438.0
300.38013	-45.66638	423.583	-997.0
300.35797	-45.65862	421.657	-1003.0
300.35058	-45.65603	421.014	-1025.0
300.31363	-45.64310	417.803	-1007.0
300.30624	-45.64052	417.16	-953.0
300.28777	-45.63405	415.554	-1243.0
300.26191	-45.62500	413.305	-1216.0
300.24713	-45.61983	412.02	-929.0
300.23604	-45.61595	411.056	-894.0
300.21388	-45.60819	409.128	-1068.0
300.20279	-45.60431	408.164	-1086.0
300.19171	-45.60043	407.2	-868.0
300.17324	-45.59396	405.593	-883.0
300.16215	-45.59008	404.629	-818.0
300.11043	-45.57198	400.128	-767.0
300.05132	-45.55129	394.983	-750.0
300.03284	-45.54483	393.375	-769.0
300.02176	-45.54095	392.41	-727.0
299.98112	-45.52672	388.871	-552.0
299.95526	-45.51767	386.619	-414.0
299.89245	-45.49569	381.148	-258.0
299.86289	-45.48534	378.573	-148.0
299.85550	-45.48276	377.929	-146.0
299.84811	-45.48017	377.285	-125.0
299.83334	-45.47500	375.997	-125.0
299.87482	-45.48685	372.505	-224.0
299.87411	-45.48287	371.181	-231.0
299.85055	-45.47436	369.115	-146.0
299.84171	-45.47117	368.34	-146.0
299.83877	-45.47011	368.081	-130.0
299.81815	-45.46267	366.273	-127.0
299.80048	-45.45629	364.723	-115.0
299.77986	-45.44884	362.914	-117.0
299.76808	-45.44459	361.881	-113.0
299.75335	-45.43927	360.589	-121.0
299.74157	-45.43502	359.555	-117.0
299.73568	-45.43290	359.038	-119.0
299.72095	-45.42758	357.746	-115.0
299.67972	-45.41270	354.127	-112.0
299.63554	-45.39675	350.248	-111.0
299.62965	-45.39462	349.731	-112.0
299.61786	-45.39037	348.697	-112.0
299.61197	-45.38824	348.18	-109.0
299.59135	-45.38080	346.369	-111.0
299.53842	-45.36125	341.666	-111.0
299.53338	-45.35094	340.196	-111.0
299.50359	-45.34016	337.578	-105.0
299.47380	-45.32939	334.959	-101.0
299.47049	-45.32819	334.668	-107.0
299.46718	-45.32699	334.377	-105.0
299.45726	-45.32340	333.504	-105.0
299.45064	-45.32101	332.922	-113.0
299.41754	-45.30903	330.012	-113.0
299.38444	-45.29706	327.101	-112.0
299.36789	-45.29108	325.645	-109.0
299.35134	-45.28509	324.189	-111.0
299.31824	-45.27312	321.278	-111.0
299.26860	-45.25516	316.909	-112.0
299.21895	-45.23720	312.539	-111.0
299.16930	-45.21924	308.168	-112.0
299.11965	-45.20128	303.796	-111.0
299.07001	-45.18333	299.423	-111.0
299.07478	-45.17379	298.299	-112.0
299.06865	-45.17110	297.689	-111.0
299.03369	-45.15883	294.627	-109.0
299.00191	-45.14767	291.843	-111.0
298.95424	-45.13093	287.666	-111.0
298.93517	-45.12423	285.995	-109.0
298.91611	-45.11754	284.324	-111.0
298.89068	-45.10861	282.096	-109.0
298.85890	-45.09746	279.31	-109.0
298.81123	-45.08072	275.131	-109.0
298.77945	-45.06956	272.344	-107.0
298.70031	-45.04135	265.333	-107.0
298.66678	-45.01849	260.582	-105.0
298.64761	-45.01164	258.893	-107.0
298.60925	-44.99794	255.514	-103.0
298.57090	-44.98424	252.135	-105.0
298.54213	-44.97397	249.6	-107.0
298.52295	-44.96712	247.91	-103.0
298.47501	-44.95000	243.685	-105.0
298.42546	-44.93227	239.315	-103.0
298.37591	-44.91454	234.944	-101.0
298.32637	-44.89681	230.573	-101.0
298.29334	-44.88517	227.638	-101.0
298.19443	-44.85962	218.347	-99.0
297.98249	-44.79096	199.971	-98.0
297.82001	-44.74393	185.248	-98.0
297.65667	-44.69291	170.458	-98.0
297.45667	-44.62506	152.932	-98.0
297.33420	-44.61595	141.597	-98.0
297.15535	-44.60205	126.941	-98.0
296.95009	-44.58551	110.584	-98.0
296.88655	-44.58162	104.704	-98.0
296.68700	-44.56515	88.771	-96.0
296.48395	-44.54836	72.575	-94.0
296.44334	-44.54585	69.24	-92.0
296.41004	-44.53786	66.314	-92.0
296.31059	-44.53079	58.392	-90.0
296.21113	-44.52373	50.469	-88.0
296.11167	-44.51666	42.545	-86.0
296.01334	-44.51167	34.728	-86.0
295.97031	-44.51078	30.699	-84.0
295.86275	-44.49607	22.013	-84.0
295.75519	-44.48137	13.325	-83.0
295.64762	-44.46666	4.635	-81.0
295.59026	-44.45882	0	-83.0
