1	17.4
2	18.9
3	13.2
4	12.4
5	23.1
6	13.9
7	27.1
8	25.5
9	43.4
10	50.5
11	44.4
12	39
13	41.2
14	40.6
15	41.5
16	29.3
17	25.9
18	26.1
19	34.6
20	31.5
21	28.6
22	23.9
23	26.2
24	27.4
25	32.9
26	37.7
27	38.4
28	33.9
29	31.2
30	37.7
31	41.8
32	48.7
33	46
34	39.7
35	44.4
36	38.5
37	35
38	29.6
39	32.3
40	34.7
41	24.7
42	10.4
43	4.6
44	1.1
45	8.9
46	14.6
47	31.6
48	43.7
49	48.5
50	49.6
51	54.1
52	54.8
53	48.4
54	39.8
55	53.8
56	57
57	39.8
58	16.9
59	9.4
60	6.1
61	9.4
62	21.2
63	17.7
64	6.5
65	1.8
66	3.7
67	11.5
68	40
69	53.3
70	54
71	47.4
72	44
73	46.3
74	52
75	46.5
76	44.9
77	51.9
78	49.5
79	43.1
80	51.8
81	44.7
82	43.2
83	44
84	32.2
85	27.8
86	27.7
87	26.3
88	26
89	31
90	44.9
91	50.2
92	49.8
93	46.1
94	35.8
95	54.1
96	49.2
97	46.8
98	46.3
99	32.3
100	23.8
101	35.2
102	47.1
103	53.3
104	48.6
105	39.9
106	41.1
107	40.4
108	39.2
109	44
110	43
111	41.7
112	41.8
113	43.9
114	43.1
115	44.1
116	36.3
117	41.5
118	40.8
119	37
120	35.8
121	33.4
122	45.6
123	48.5
124	51.6
125	51.3
126	54.3
127	49.6
128	49.4
129	48.6
130	52
131	56.7
132	49
133	35.3
134	41.8
135	56.2
136	52.9
137	51.9
138	56.3
139	52.6
140	51.3
141	57.6
142	47.4
143	48.7
144	50.3
145	46.8
146	46.3
147	46.9
148	50.8
149	56.5
150	62.9
151	67.1
152	66.6
153	60.9
154	66.6
155	63.7
156	67.8
157	60.9
158	50.2
159	41.9
160	40.6
161	46.2
162	56.9
163	65.8
164	70.3
165	71.7
166	72.6
167	72.1
168	73.5
169	67.5
170	65.7
171	61.3
172	62.4
173	59.4
174	58.8
175	60.7
176	65.6
177	71.4
178	61.4
179	51.7
180	53.3
181	56.3
182	63
183	70.3
184	62.3
185	59.4
186	62
187	67.1
188	70.4
189	70.7
190	76.8
191	71.5
192	73.8
193	69.4
194	67.3
195	64.9
196	67.6
197	62.1
198	66.8
199	71.4
200	68.5
201	70
202	68.2
203	63.3
204	68.3
205	71
206	67.8
207	73.2
208	73.8
209	73.4
210	80.8
211	66
212	62.4
213	70.6
214	74.8
215	67.1
216	72.8
217	76.9
218	81.5
219	84.4
220	70.3
221	63.1
222	65
223	70.7
224	71.2
225	67
226	64
227	71.2
228	72.3
229	72.3
230	61.6
231	62.7
232	69.8
233	73.4
234	79.4
235	80.5
236	74.2
237	66.7
238	67.7
239	71
240	69
241	78.1
242	64.2
243	63.9
244	70
245	74.8
246	76.6
247	74.7
248	69.1
249	60.7
250	58.1
251	58.7
252	54.7
253	59.9
254	61.4
255	67.5
256	63.6
257	55.9
258	64
259	59.5
260	58.2
261	56
262	37.3
263	38.3
264	35.9
265	46.3
266	54.2
267	48.2
268	57.2
269	59.5
270	64.4
271	61.4
272	57.1
273	52.6
274	54.7
275	48.7
276	49.2
277	47.7
278	45.2
279	42.7
280	48
281	45.1
282	53.7
283	54.5
284	66.7
285	54.3
286	45.8
287	51.4
288	62
289	58.8
290	52.6
291	55.9
292	44.3
293	46.7
294	50.9
295	38.1
296	36.1
297	44.5
298	45.3
299	51.8
300	46
301	37
302	37.1
303	27.1
304	18.7
305	18.2
306	13.7
307	19.6
308	26.8
309	41
310	38.2
311	25.9
312	33
313	48.3
314	15.1
315	24.4
316	46.7
317	43.5
318	50.8
319	45.9
320	54.3
321	47
322	57.9
323	45.8
324	33.4
325	37.9
326	45.5
327	48.1
328	54
329	50.9
330	40.3
331	23.1
332	26.3
333	38.6
334	50.6
335	47.3
336	43.5
337	36.2
338	42
339	21.7
340	21.1
341	27.8
342	-4.4
343	5.4
344	13.5
345	14.5
346	21.2
347	33.2
348	41.4
349	39.4
350	36.1
351	29.5
352	21.9
353	22.9
354	27.7
355	26.7
356	18
357	26
358	29.8
359	35.6
360	32.3
361	29
362	28.4
363	30.3
364	37.4
365	35.9
366	30.3
367	15.5
368	32.5
369	10.3
370	0.1
371	6.5
372	30.3
373	39.7
374	34.6
375	40.6
376	42
377	42.7
378	48.3
379	31
380	29.8
381	42.9
382	3.8
383	-7.4
384	0
385	6.3
386	28.3
387	7.2
388	16.9
389	9.9
390	1.8
391	7.3
392	0.2
393	-5.6
394	-14.5
395	-13.8
396	0.2
397	-2.1
398	-18.3
399	-7.6
400	20.6
401	29.5
402	41.2
403	48.2
404	45.8
405	54
406	34.2
407	34.7
408	39.9
409	46.2
410	48.8
411	32.3
412	39
413	39.5
414	48.4
415	46.5
416	42.6
417	45.6
418	40.6
419	32.5
420	31
421	17.1
422	3.3
423	0
424	-2.3
425	3.2
426	31
427	29.9
428	25.8
429	13.9
430	5.3
431	6.2
432	4.4
433	7.9
434	30.3
435	42.9
436	45.9
437	46.5
438	41.1
439	38.7
440	47.6
441	37.9
442	39.7
443	36.6
444	34.4
445	39.6
446	38.1
447	30.6
448	26.7
449	10
450	5.4
451	24.5
452	22.2
453	14.5
454	18
455	24.2
456	28.8
457	36
458	36.4
459	40.1
460	31.7
461	40.5
462	65.5
463	57.9
464	59.8
465	64.1
466	62.8
467	40.2
468	36.1
469	42.5
470	42.1
471	48.7
472	58.9
473	54.5
474	43.7
475	45.7
476	43.3986668716
477	41.5
478	44.2336690672
479	49.5013945336
480	52.9
481	50.9967600243
482	45.6200400648
483	40.2583000729
484	38.4
485	44.8838802636
486	50.6
487	48.7
488	44.3895078855
489	40.7
490	39.4
491	39.2
492	39.2
493	42.3233484269
494	45.4
495	31.8
496	31.5
497	39.1
498	52.2
499	56.4
500	58.5651929073
501	60.6951871122
502	62.8
503	64.7
504	55.9
505	53.3441843091
506	51.9870210123
507	51.057765561
508	49.7856734065
509	47.4
510	42.3
511	46.2
512	47.7
513	45
514	53.5
515	53.966625078
516	52.9237887295
517	53.5
518	56.5724650286
519	60.7369935493
520	65.7
521	75.5
522	69.9
523	64.5446788561
524	62.1
525	65.2308208794
526	70.4110244748
527	75.3
528	78.7
529	72.3143316388
530	64.1
531	64.863334289
532	68.4
533	77.5194889498
534	84.9
535	76.1648348494
536	65.8
537	64.7
538	66.9099153616
539	69.4
540	54.1
541	69.7
542	66.8
543	70
544	76.2
545	69.5
546	66.1
547	71.6
548	74.9
549	78.8
550	78.6
551	83.5
552	80.2
553	65.9
554	69.1
555	66.3
556	70.7
557	76.7
558	72.5
559	66.5
560	68.8
561	69.3
562	76.2
563	77.1
564	72.7
565	74.4
566	76.3
567	69.7
568	72
569	71.2
570	71.8
571	70.6
572	74.1
573	65.8
574	71.9
575	77.3
576	73.6
577	69.8
578	73.8
579	76.5
580	79.6
581	72.2
582	66.4
583	68.7
584	62.1
585	65.3
586	71.2
587	82.2
588	77.5
589	82
590	84.1
591	77.3
592	73.9
593	77.1
594	78.9
595	82.2
596	70
597	61.7
598	69.3
599	70.4
600	67.5
601	71.7
602	77.2
603	74.9
604	74
605	78.4
606	78.2
607	69.3
608	70.8
609	76.7
610	69.3
611	66.5
612	64.9
613	65.6
614	64.7
615	54.9
616	61
617	67.2
618	67.3
619	65.8
620	62.8
621	67.4
622	68.2
623	66.7
624	61.7
625	59.1
626	47.3
627	49
628	52.1
629	56.3
630	54.3
631	49.6
632	47.4
633	47
634	48.9
635	41.7
636	38.4
637	53.4
638	58.9
639	58.5
640	49.9
641	41.7
642	51.5
643	62.1
644	67.5
645	54.3
646	56.7
647	59.4
648	54.7
649	59.5
650	66.4
651	61.3
652	57.1
653	57.2
654	54
655	41.3
656	38.2
657	45.4
658	45.4
659	33.8
660	33.6
661	44.4
662	43.8
663	42.7
664	41.6
665	31.7
666	28.7
667	40.4
668	34.8
669	19.6
670	16.3
671	31.8
672	40.8
673	44.8
674	42.6
675	36.4
676	33.6
677	37.9
678	33.7
679	41.5
680	34.2
681	30.6
682	28.2
683	28.5
684	30.3
685	26.7
686	12.5
687	6.6
688	12.1
689	12.5
690	6.7
691	1.2
692	3.3
693	3.5
694	12.2
695	13.8
696	14.4
697	25.6
698	38.7
699	32.2
700	23.3
701	30.6
702	31.1
703	22.9
704	22.9
705	33.7
706	30.7
707	31.3
708	37.8
709	42.5
710	32.5
711	38.1
712	32.3
713	30.8
714	27.7
715	24.9
716	24.3
717	13
718	7
719	19.3
720	30.5
721	16.7
722	0.4
723	-9.3
724	-8.3
725	-7.3
726	-11.4
727	-0.7
728	1.5
729	-1.5
730	25.1
731	43.5
732	45.9
733	41.5
734	37.5
735	30.8
736	23.2
737	22.4
738	30.6
739	31.8
740	19.8
741	0.3
742	-14.6
743	-22
744	-16.7
745	0.2
746	18.5
747	4.3
748	15.5
749	34.7
750	42.3
751	40.1
752	39.8
753	18.6
754	21.8
755	7.7
756	-9.3
757	-8.6
758	-6.5
759	23.5
760	33.9
761	39.7
762	42.1
763	35.8
764	35.7
765	33.2
766	28.4
767	23.9
768	23.6
769	23.8
770	26.9
771	25.7
772	25.6
773	29.4
774	23.7
775	36.8
776	37.4
777	39.7
778	43.3
779	47.1
780	42.2
781	40.5
782	38.2
783	34.9
784	30.7
785	20.6
786	30.4
787	35.4
788	30.1
789	26.9
790	24.2
791	26.8
792	36.9
793	28.6
794	19.9
795	27.6
796	24.9
797	42.7
798	39
799	35
800	42.7
801	33.8
802	33.3
803	15
804	2
805	5.4
806	37.9
807	36.8
808	40.1
809	58
810	62
811	46.6
812	46.1
813	45.2
814	39.9
815	41.9
816	57.4
817	48.5
818	37.4
819	39
820	44.9
821	55.1
822	33.7
823	33.2
824	43.1
825	36.3
826	23.3
827	21.6
828	19.7
829	18.4
830	21.6
831	18.6
832	16.8
833	17.9
834	34.7
835	43.8
836	39.4
837	47.7
838	57
839	52.2
840	51.4
841	48.6
842	45.7
843	44.8
844	45.4
845	46.8
846	45.9
847	45.4
848	55.4
849	49.5
850	47.8
851	45.1
852	43.5
853	41.4
854	46.5
855	59.1
856	53.4
857	56.7
858	50.7
859	45.5
860	56.3
861	63.4
862	53.2
863	54.6
864	64.4
865	57.7
866	64.7
867	69.3
868	70.6
869	51.1
870	43.5
871	52.9
872	63.3
873	58
874	61.2
875	55.5
876	53.1
877	52.1
878	47.8
879	51.5
880	56.1
881	61.1
882	71.3
883	64.5
884	63.1
885	66.5
886	71.8
887	71.9
888	69
889	66
890	66.9
891	60.2
892	63.1
893	61.9
894	64
895	62.8
896	64.8
897	66.2
898	68.8
899	68.6
900	69.4
901	63.5
902	59.8
903	61.8
904	65.5
905	60.6
906	59.2
907	59.7
908	68.6
909	72.5
910	68.5
911	69.4
912	60.7
913	53.5
914	54.1
915	57.9
916	64.7
917	68.3
918	70.5
919	67
920	71.9
921	76.8
922	74.2
923	59.5
924	54.9
925	61.2
926	70.4
927	76.6
928	79
929	75.9
930	68
931	66.4
932	66.6
933	64.4
934	74.9
935	76.4
936	77.2
937	74.4
938	68.5
939	69.9
940	69.7
941	70.4
942	69.3
943	75.1
944	73
945	71.4
946	72.3
947	77.2
948	76.5
949	71.9
950	74.7
951	72.7
952	57.5
953	52.8
954	59.5
955	64.2
956	67.9
957	68.4
958	63.7
959	56.8
960	55.7
961	65.3
962	66.8
963	68.7
964	74.1
965	73.3
966	76.2
967	76.2
968	69.6
969	72.7
970	79
971	70.8
972	73.7
973	68.9
974	69.5
975	71
976	67.8
977	74.9
978	75.2
979	69
980	69.9
981	66.7
982	66.7
983	62.2
984	68.5
985	68.1
986	67.8
987	63.6
988	63.9
989	64.6
990	58.1
991	59.3
992	62.1
993	48.2
994	50.3
995	53.1
996	55.8
997	56.2
998	63.1
999	66.1
1000	72.5
1001	60.6
1002	58.8
1003	62.2
1004	63.7
1005	72
1006	70
1007	59.3
1008	61
1009	55.9
1010	49.3
1011	51.3
1012	42.2
1013	42.3
1014	52.9
1015	43.9
1016	39.9
1017	38.5
1018	48.8
1019	52.6
1020	57.7
1021	60.4
1022	52.9
1023	41.1
1024	45.5
1025	40.9
1026	45.4
1027	46.9
1028	32.9
1029	27.2
1030	37.1
1031	49.2
1032	43
1033	47.8
1034	50.8
1035	52.2
1036	45.6
1037	44.1
1038	43.9
1039	52.9
1040	42.2
1041	51.2
1042	49
1043	34.3
1044	29.6
1045	23
1046	19.2
1047	21.3
1048	24.8
1049	13.7
1050	14.1
1051	29.5
1052	33
1053	40.6
1054	33.3
1055	35.9
1056	41.2
1057	36.6
1058	31.7
1059	44.5
1060	36.4
1061	30.4
1062	35.8
1063	40.6
1064	38.4
1065	35.2
1066	34.2
1067	31.4
1068	26.6
1069	23.1
1070	16.7
1071	15.8
1072	25.4
1073	28
1074	27.5
1075	28.5
1076	20.8
1077	27
1078	32.9
1079	41.7
1080	41.7
1081	37.4
1082	43.2
1083	36.7
1084	23.4
1085	26
1086	27.5
1087	28.4
1088	26.8
1089	28.3
1090	22.7
1091	27.6
1092	33.7
1093	30.4
1094	40.4
1095	37.4
1096	40.3
1097	46.9
1098	33
1099	3.5
1100	12.4
1101	23
1102	30.4
1103	32.8
1104	19.2
1105	-1.4
1106	-4.5
1107	-8.8
1108	-8.2
1109	5.2
1110	26.3
1111	36.6
1112	31
1113	28.6
1114	32.8
1115	28.2
1116	23
1117	22.3
1118	22.6
1119	25.6
1120	36.4
1121	39.2
1122	35.9
1123	37.2
1124	38.6
1125	37.5
1126	37.8
1127	39
1128	34
1129	28.7
1130	25.3
1131	34
1132	32.8
1133	33.4
1134	39
1135	39.9
1136	36
1137	37.9
1138	34.7
1139	36.2
1140	40.6
1141	38.4
1142	38.6
1143	37.3
1144	34.2
1145	38.2
1146	36.7
1147	38.3
1148	40.6
1149	43.9
1150	36.7
1151	31.9
1152	30.9
1153	28.9
1154	27.7
1155	26.8
1156	27.3
1157	30.7
1158	27.1
1159	17.4
1160	14.4
1161	16
1162	14.8
1163	14
1164	13.8
1165	11.8
1166	6.4
1167	34.7
1168	38.4
1169	35.5
1170	38.1
1171	44.9
1172	40.8
1173	30.7
1174	30.9
1175	39.9
1176	43.9
1177	43
1178	42.8
1179	49.6
1180	47.9
1181	48.3
1182	46.6
1183	35.7
1184	29.6
1185	31.6
1186	38.5
1187	45.3
1188	47.3
1189	50.2
1190	50.4
1191	46.7
1192	40.9
1193	40.7
1194	42.2
1195	40.2
1196	44.6
1197	51.7
1198	46.8
1199	40.3
1200	41.1
1201	36.9
1202	37.9
1203	41.7
1204	40.4
1205	40.9
1206	46.2
1207	49.6
1208	57
1209	60.8
1210	62.7
1211	49.6
1212	46.8
1213	49.1
1214	53.2
1215	60.4
1216	62.6
1217	56.7
1218	52.6
1219	62.2
1220	61.1
1221	57.3
1222	57.9
1223	48.6
1224	48.5
1225	45.9
1226	48.5
1227	53.1
1228	55.3
1229	57.2
1230	52.2
1231	54.2
1232	56
1233	62.2
1234	55.9
1235	59.1
1236	65.3
1237	60.6
1238	55.1
1239	56
1240	57.5
1241	60.8
1242	67.7
1243	67.6
1244	58.4
1245	64
1246	61.2
1247	58.1
1248	67.1
1249	50
1250	43.5
1251	45.6
1252	48.2
1253	52.1
1254	51.9
1255	45.5
1256	48.8
1257	60.1
1258	59.5
1259	63.9
1260	62.3
1261	55.9
1262	56.8
1263	49.1
1264	51.1
1265	58.7
1266	60.4
1267	55.4
1268	57.4
1269	64.6
1270	67.8
1271	65.7
1272	66.1
1273	60.7
1274	59.9
1275	63.8
1276	67.6
1277	69
1278	70.2
1279	70.2
1280	73.2
1281	73.1
1282	70.9
1283	71.4
1284	73.3
1285	73.1
1286	73.1
1287	77.9
1288	77.8
1289	69.3
1290	79.4
1291	78.5
1292	78.9
1293	78.2
1294	82.3
1295	84.9
1296	83
1297	82.6
1298	75.1
1299	69.5
1300	72.1
1301	76.1
1302	74.1
1303	78.8
1304	81.2
1305	74.6
1306	70.2
1307	65
1308	68.2
1309	71.5
1310	66.6
1311	65.1
1312	66.2
1313	71.8
1314	77.5
1315	82.2
1316	74.7
1317	76.4
1318	74.5
1319	74.5
1320	79.1
1321	77.2
1322	74.3
1323	69.3
1324	77.5
1325	69
1326	68.5
1327	69.5
1328	72
1329	74.5
1330	73
1331	69.1
1332	66.7
1333	68.5
1334	71.1
1335	71.7
1336	74.2
1337	74.5
1338	79.1
1339	74.9
1340	71.8
1341	81.3
1342	79
1343	78.4
1344	76.5
1345	75
1346	74.5
1347	78.1
1348	72.8
1349	73.8
1350	67.1
1351	67.3
1352	65.3
1353	67.2
1354	72.9
1355	74.6
1356	75.2
1357	74.3
1358	59.1
1359	49.3
1360	49.4
1361	52.7
1362	58.5
1363	62.6
1364	61.2
1365	54
1366	53.4
1367	61.4
1368	61.4
1369	53.1
1370	51.3
1371	55.1
1372	50.5
1373	46.5
1374	48.6
1375	55.2
1376	57.8
1377	63.9
1378	57
1379	49.8
1380	41.9
1381	41.9
1382	45.5
1383	55.6
1384	45.9
1385	40.8
1386	43
1387	46
1388	37.9
1389	42.2
1390	47.4
1391	48.1
1392	52.8
1393	53.7
1394	53.9
1395	51.5
1396	49.9
1397	50.3
1398	46.3
1399	40.5
1400	37.8
1401	37.8
1402	38
1403	36
1404	34.9
1405	32.8
1406	31.4
1407	26.5
1408	25.2
1409	25
1410	26.7
1411	29.9
1412	33.1
1413	43.9
1414	48.7
1415	51.4
1416	49.3
1417	36.9
1418	30
1419	35.5
1420	36.1
1421	48.3
1422	45.7
1423	36.2
1424	41.6
1425	41.1
1426	51.2
1427	46.6
1428	38.3
1429	37.8
1430	36.3
1431	47.5
1432	47.3
1433	38.6
1434	31.7
1435	24.4
1436	17.8
1437	21
1438	29.6
1439	25.9
1440	27.1
1441	34.9
1442	39.4
1443	43.9
1444	45.6
1445	33.7
1446	39.5
1447	46.3
1448	23.3
1449	-1.6
1450	-8.2
1451	-8
1452	5.2
1453	4.6
1454	12.8632642212
1455	23.0053163211
1456	30.7
1457	33.4
1458	42
1459	11.7
1460	16.1372696717
1461	29.423992645
1462	31.9
1463	16.9
1464	14.5
1465	24.5
1466	39.6
1467	19.3
1468	8.5
1469	9.8
1470	23.8
1471	37.4975649351
1472	44.2
1473	40.5
1474	36.2
1475	39.2
1476	44.2
1477	34
1478	31.9
1479	35
1480	39
1481	36
1482	32.8
1483	31.3
1484	25.7
1485	5
1486	21.3
1487	22.2
1488	21.8
1489	29.2
1490	33.6
1491	36.3
1492	36.3
1493	35.8
1494	36.4
1495	39
1496	36.9
1497	35.9
1498	39
1499	44.5
1500	36.6
1501	40
1502	35.8
1503	25.6
1504	31.7
1505	46.1
1506	42
1507	32.1
1508	28.2
1509	32
1510	35.2
1511	36.9
1512	37.4
1513	29.8
1514	35
1515	40.8
1516	42.7
1517	50.9
1518	42.4
1519	34.6
1520	48.1
1521	45.5
1522	35.3
1523	37.1
1524	35.2
1525	29.7
1526	19.5
1527	21.7
1528	23.5
1529	27.3
1530	34.1
1531	30.1
1532	32.9
1533	43.2
1534	50.1
1535	53.4
1536	49.2
1537	34.9
1538	39.1
1539	50
1540	43.2
1541	42.7
1542	44.5
1543	45.6
1544	46.5
1545	52.9
1546	58.3
1547	37.2
1548	35.5
1549	41.3
1550	46.2
1551	39.2
1552	27.3
1553	25
1554	27.4
1555	29
1556	36.3
1557	42
1558	48.2
1559	52.7
1560	47.1
1561	39.4
1562	39.6
1563	46.3
1564	52.1
1565	37.5
1566	35.3
1567	37.4
1568	44.6
1569	58.3
1570	60.6
1571	53
1572	42.2
1573	37.4
1574	41.8
1575	43.8
1576	46.4
1577	51.9
1578	53
1579	54.8
1580	43.6
1581	42
1582	54.4
1583	55.5
1584	52.1
1585	45.8
1586	43.9
1587	46.3
1588	51.9
1589	47.7
1590	40.9
1591	40.1
1592	41.2
1593	49.9
1594	49.1
1595	45.6
1596	46.3
1597	45.9
1598	49.9
1599	60.3
1600	56.3
1601	58.5
1602	58
1603	58.4
1604	59.4
1605	64.4
1606	66.2
1607	64.9
1608	61.5
1609	73.2
1610	64.9
1611	46.1
1612	49.5
1613	58.8
1614	62.3
1615	63.8
1616	62.5
1617	63
1618	60.4
1619	55.9
1620	53.8
1621	53.4
1622	55.6
1623	60.4
1624	59.4
1625	63.3
1626	61.1
1627	58.4
1628	61.9
1629	65.2
1630	65.5
1631	68
1632	70.6
1633	75.6
1634	67.5
1635	66.9
1636	70.6
1637	74.6
1638	62.5
1639	58.1
1640	56.5
1641	67
1642	60.2
1643	60.4
1644	58.9
1645	62.5
1646	61.1
1647	60.6
1648	67.6
1649	73.6
1650	74.9
1651	65.6
1652	63.6
1653	73.3
1654	79
1655	79.4
1656	74.1
1657	66.8
1658	52.7
1659	61.8
1660	66.8
1661	73
1662	74.6
1663	72.5
1664	77.3
1665	80.7
1666	82.4
1667	75
1668	71.5
1669	78.6
1670	85.1
1671	84.3
1672	79.1
1673	66.7
1674	65.9
1675	72.3
1676	74.4
1677	76.5
1678	74.1
1679	73.2
1680	70.7
1681	75.9
1682	75.5
1683	76.4
1684	74.8
1685	59.5
1686	63.8
1687	66.3
1688	68.4
1689	67
1690	69.7
1691	71.1
1692	76.2
1693	74.2
1694	72.5
1695	74.2
1696	70.8
1697	75.8
1698	75
1699	77.7
1700	77.8
1701	73
1702	65.4
1703	75.7
1704	73.4
1705	58.5
1706	49.4
1707	48.8
1708	51.7
1709	61.1
1710	71.4
1711	58.9
1712	55.8
1713	56.9
1714	62.9
1715	53.8
1716	49.9
1717	54
1718	56.9
1719	57.1
1720	62.5
1721	67.8
1722	62.7
1723	48.5
1724	51.9
1725	62.9
1726	67.7
1727	66.7
1728	67.4
1729	56.7
1730	49.1
1731	40.5
1732	40.7
1733	54.2
1734	48
1735	36.3
1736	33.4
1737	37.3
1738	55.1
1739	52.8
1740	56.1
1741	53.1
1742	57.1
1743	59
1744	48
1745	48
1746	47.2
1747	51.5
1748	60.5
1749	44.4
1750	37
1751	42.1
1752	45.8
1753	42.1
1754	52.9
1755	59.7
1756	55.4
1757	52.3
1758	61.1
1759	53.9
1760	58.9
1761	45.2
1762	36.1
1763	49.3
1764	50.7
1765	59
1766	38.6
1767	37
1768	47
1769	55
1770	39.5
1771	49.5
1772	60.8
1773	61.2
1774	54.6
1775	52.3
1776	53.3
1777	62.9
1778	59.3
1779	49.9
1780	49.7
1781	50.8
1782	48
1783	45.6
1784	39.6
1785	49
1786	40.1
1787	31.9
1788	28.8
1789	32.6
1790	43.1
1791	35.2
1792	31.4
1793	32.9
1794	32.3
1795	50.2
1796	44.5
1797	36.1
1798	39.2
1799	29.1
1800	36.7
1801	36
1802	39.1
1803	27.8
1804	25.5
1805	31.7
1806	29.1
1807	38.6
1808	38.3
1809	24.9
1810	31
1811	44.1
1812	40.9
1813	40.1
1814	25.1
1815	18.4
1816	28.8
1817	37.7
1818	37.8
1819	38.6
1820	39.9
1821	34.6
1822	37.4
1823	40.4
1824	43.6
1825	38.9
1826	38.7
1827	32.4
1828	31.1
1829	16.7
1830	24.4
1831	35.2
1832	30.5
1833	36.7
1834	32.8
1835	35.8
1836	31.2
1837	23.4
1838	25.4
1839	19.3
1840	27.3
1841	25.1
1842	26.1
1843	39.3
1844	32
1845	27.4
1846	22.8
1847	30.4
1848	28.5
1849	22
1850	26.9
1851	16.9
1852	27.6
1853	30.4
1854	27.2
1855	22.2
1856	21.4
1857	21.8
1858	29.5
1859	41.9
1860	33.4
1861	22.1
1862	30.9
1863	37.9
1864	41.5
1865	46.4
1866	48.6
1867	24.7
1868	11.8
1869	15.5
1870	15.4
1871	19.2
1872	20.2
1873	23.3
1874	19.3
1875	19.2
1876	25.2
1877	34
1878	42.9
1879	43.2
1880	41.2
1881	41.5
1882	34.1
1883	27.7
1884	33.1
1885	39.4
1886	40
1887	36.8
1888	40.5
1889	44.7
1890	48.3
1891	50.6
1892	42
1893	40
1894	30.2
1895	23
1896	27.7
1897	36.3
1898	37.5
1899	35.7
1900	38.7
1901	31.1
1902	34.1
1903	44.2
1904	40.2
1905	42.9
1906	34.8
1907	35.3
1908	45.3
1909	52.5
1910	42.3
1911	43.1
1912	50.8
1913	49.7
1914	51.5
1915	40.8
1916	38.9
1917	37.6
1918	42.4
1919	39.4
1920	33.7
1921	55.2
1922	53.5
1923	39.8
1924	38.3
1925	49.1
1926	46.8
1927	46.4
1928	41.3
1929	49.1
1930	51.9
1931	21.2
1932	27
1933	41
1934	56.2
1935	49
1936	45.8
1937	54.1
1938	58.4
1939	61.8
1940	55.4
1941	46.6
1942	47.6
1943	52.4
1944	51.8
1945	57.7
1946	48
1947	48.7
1948	62.9
1949	66.1
1950	61.6
1951	63.8
1952	55.8
1953	50.4
1954	45.5
1955	45.6
1956	53.5
1957	51.1
1958	44.8
1959	39.3
1960	43.5
1961	53.1
1962	58.5
1963	57.7
1964	51.9
1965	53.7
1966	60.9
1967	58.8
1968	65.5
1969	70.2
1970	67.2
1971	55.8
1972	61.5
1973	60.9
1974	61.7
1975	62
1976	56.4
1977	50
1978	55.5
1979	48
1980	52.8
1981	66
1982	59.5
1983	65.6
1984	76
1985	74.8
1986	76.4
1987	70.5
1988	61
1989	60.8
1990	63.2
1991	59.7
1992	62.7
1993	60.9
1994	53.8
1995	52.7
1996	60.8
1997	63.8
1998	56.1
1999	67.6
2000	69.5
2001	64.9
2002	69.5
2003	60.2
2004	59.8
2005	61.1
2006	63.6
2007	72.6
2008	74.9
2009	78.6
2010	67.2
2011	69.5
2012	67
2013	65.5
2014	74.3
2015	72.2
2016	75.4
2017	74.4
2018	68.1
2019	71.6
2020	79.3
2021	81.3
2022	88.6
2023	84
2024	72.7
2025	67.8
2026	66.7
2027	69.5
2028	63.7
2029	70.6
2030	76.3
2031	82.1
2032	76.4
2033	75.2
2034	80.7
2035	83.3
2036	79.6
2037	83.8
2038	84
2039	85.5
2040	80.7
2041	79.7
2042	77
2043	73.6
2044	71.9
2045	75.3
2046	76.2
2047	76.3
2048	76
2049	85
2050	80.5
2051	75.1
2052	77.2
2053	75.4
2054	70.5
2055	76.1
2056	70.6
2057	70.8
2058	73.8
2059	71.6
2060	64.7
2061	69.3
2062	75.7
2063	79.5
2064	80.1
2065	79
2066	72.7
2067	66
2068	64.9
2069	66.3
2070	56
2071	65.5
2072	64.8
2073	64.4
2074	63.9
2075	66.7
2076	61.6
2077	56.8
2078	70.7
2079	61.4
2080	57.6
2081	54.3
2082	65.5
2083	71.6
2084	66.1
2085	73
2086	75.7
2087	72.8
2088	72.9
2089	55.7
2090	47.9
2091	46.6
2092	29.5
2093	29.6
2094	35.4
2095	50.6
2096	54.9
2097	58.6
2098	61.6
2099	66
2100	64.1
2101	55.9
2102	54.8
2103	46.7
2104	43
2105	28.9
2106	30.4
2107	33.7
2108	42.3
2109	53.9
2110	50.7
2111	54.1
2112	44.1
2113	46.3
2114	43.2
2115	46.4
2116	49.6
2117	57.7
2118	57.3
2119	58.1
2120	49.5
2121	57.3
2122	44.9
2123	43.4
2124	45.7
2125	49.9
2126	46.8
2127	42.3
2128	45.7
2129	51
2130	47.1
2131	38.4
2132	40.6
2133	38.3
2134	35.1
2135	44.2
2136	37.5
2137	22
2138	20.9
2139	21.2
2140	14.5
2141	12.5
2142	11.2
2143	12.8
2144	16.4
2145	18.6
2146	20.1
2147	12
2148	24.3
2149	27.1
2150	26.5
2151	23.2
2152	29.6
2153	31.9
2154	30.9
2155	35
2156	32.1
2157	36.3
2158	35.4
2159	33.3
2160	23.8
2161	27.1
2162	26.3
2163	27.2
2164	34.4
2165	28.3
2166	33.9
2167	33.4
2168	38.6
2169	30.6
2170	22.5
2171	-3.3
2172	-4.7
2173	-3.7
2174	0.8
2175	5.7
2176	12.1
2177	-1.6
2178	30.4
2179	26.4
2180	32.9
2181	22
2182	3.3
2183	15.5
2184	13
2185	7.4
2186	18.2
2187	26.1
2188	36.3
2189	34.8
2190	24.2
2191	22.3
2192	24
2193	30.7
2194	27.1
2195	34.8
2196	43.9
2197	40.9
2198	40.7
2199	31.2
2200	32.7
2201	35.7
2202	35
2203	31.3
2204	28.7
2205	28
2206	25
2207	24.1
2208	17.7
2209	23.1
2210	29.3
2211	24.2
2212	35.9
2213	31.5
2214	36.1
2215	28.8
2216	26.6
2217	29.7
2218	24
2219	21.2
2220	23.6
2221	27.2
2222	32.4
2223	33.1
2224	26.6
2225	35.8
2226	38.1
2227	32.1
2228	39
2229	24.5
2230	10.5
2231	3
2232	3.4
2233	12.4
2234	14.8
2235	12.9
2236	17.5
2237	5.1
2238	16.1
2239	5.3
2240	8.9
2241	26.7
2242	31.1
2243	20.4
2244	25.1
2245	30.2
2246	24.3
2247	24.4
2248	24.8
2249	11.2
2250	12.3
2251	27.1
2252	32.9
2253	36.8
2254	34.3
2255	29.3
2256	31.2
2257	42.2
2258	39.1
2259	42.4
2260	45.4
2261	30.9
2262	34.6
2263	42.6
2264	45.5
2265	40.6
2266	30.2
2267	34.6
2268	38.3
2269	42.4
2270	48.8
2271	43.2
2272	42.9
2273	40
2274	30.8
2275	27.1
2276	31
2277	39.4
2278	39
2279	38.6
2280	45.2
2281	41.6
2282	31.9
2283	46.5
2284	42.5
2285	41.6
2286	34.3
2287	38.9
2288	46.2
2289	46.5
2290	43.6
2291	35.9
2292	40.6
2293	36.8
2294	35.6
2295	37.8
2296	41.9
2297	36.6
2298	32.8
2299	39.8
2300	57
2301	53.7
2302	40.3
2303	33.7
2304	41.4
2305	46.9
2306	53.3
2307	60.9
2308	62.2
2309	64.8
2310	65.3
2311	59
2312	57
2313	51
2314	42.5
2315	41.9
2316	50.8
2317	57.5
2318	49.4
2319	49.7
2320	63
2321	62
2322	54.6
2323	55.6
2324	66.1
2325	74.3
2326	74.2
2327	64.2
2328	59.3
2329	54.7
2330	61.4
2331	60.9
2332	51.5
2333	50.7
2334	62.4
2335	64.8
2336	64.9
2337	67.4
2338	68.5
2339	67.6
2340	66.3
2341	66.2
2342	57.2
2343	65.9
2344	65.3
2345	63.4
2346	55.2
2347	46.6
2348	51.3
2349	57.1
2350	61.2
2351	67.2
2352	68.4
2353	71.9
2354	64.3
2355	57.3
2356	47.5
2357	50.5
2358	58.5
2359	61.1
2360	64.5
2361	56.7
2362	57
2363	62.7
2364	67.5
2365	75.7
2366	76.7
2367	70.5
2368	69.9
2369	70.9
2370	69.8
2371	73
2372	71.5
2373	71.1
2374	69.7
2375	76.1
2376	76.3
2377	75.6
2378	78.6
2379	76.1
2380	76
2381	81.7
2382	79
2383	73.4
2384	74.5
2385	78.7
2386	73.7
2387	70.5
2388	69
2389	68.5
2390	69.6
2391	65.6
2392	69
2393	71.2
2394	75.7
2395	73.3
2396	70.6
2397	67.6
2398	74
2399	73.8
2400	68.3
2401	77.8
2402	75.7
2403	69.8
2404	70
2405	68
2406	75
2407	82.6
2408	84.8
2409	78
2410	80.2
2411	82.5
2412	81
2413	67
2414	66.3
2415	75.8
2416	76.4
2417	76.8
2418	76
2419	72.4
2420	72.5
2421	73.4
2422	76.1
2423	80.4
2424	73.5
2425	77
2426	75.5
2427	81.4
2428	75.9
2429	71.1
2430	75.6
2431	74.3
2432	77.6
2433	73
2434	69.8
2435	70.7
2436	76.7
2437	77.6
2438	74.8
2439	79
2440	78.4
2441	56.4
2442	50.1
2443	50.5
2444	57
2445	58.3
2446	61.6
2447	58.1
2448	60.5
2449	52.7
2450	53
2451	55.1
2452	58.1
2453	60.6
2454	67.6
2455	58.7
2456	61.8
2457	65.7
2458	58.5
2459	67
2460	71
2461	72.9
2462	67.8
2463	74.5
2464	64.5
2465	62
2466	66.5
2467	62.2
2468	51.2
2469	46.9
2470	38.5
2471	51.7
2472	55.8
2473	57.2
2474	47.8
2475	45.6
2476	50.1
2477	41.7
2478	49
2479	39.8
2480	36.5
2481	45.9
2482	55.4
2483	44.5
2484	48.7
2485	45.5
2486	44.7
2487	48.5
2488	48.6
2489	41.4
2490	33.8
2491	38.7
2492	57.9
2493	54.7
2494	40
2495	44.6
2496	54.4
2497	49.6
2498	48.5
2499	49.5
2500	52.6
2501	54.5
2502	46.1
2503	41.5
2504	40.3
2505	52.1
2506	46.2
2507	44.3
2508	47.8
2509	48.4
2510	49.8
2511	51.2
2512	51.2
2513	50
2514	36.4
2515	32.9
2516	45.3
2517	47.7
2518	40.7
2519	40.8
2520	36
2521	29.3
2522	23.4
2523	12.4
2524	14.6
2525	23.9
2526	30.3
2527	30.1
2528	36.5
2529	39.8
2530	33.5
2531	28.4
2532	31.3
2533	36
2534	35.1
2535	43.4
2536	28.7
2537	23.5
2538	25.5
2539	31.4
2540	40.3
2541	31.3
2542	24.9
2543	38.2
2544	32.4
2545	32
2546	25.8
2547	22.3
2548	20.7
2549	20
2550	24.2
2551	24.7
2552	27.8
2553	28.7
2554	23.9
2555	11.6
2556	6.9
2557	14.3
2558	11.2
2559	17.8
2560	30.3
2561	35.6
2562	31.7
2563	31.9
2564	42.1
2565	50.4
2566	43.5
2567	33.5
2568	40.9
2569	38.9
2570	39.2
2571	26.9
2572	19.4
2573	20.9
2574	22.2
2575	21.4
2576	26.6
2577	31.3
2578	36.3
2579	27.6
2580	21
2581	26.9
2582	39.1
2583	42.1
2584	12
2585	7.7
2586	9.8
2587	11.5
2588	19.9
2589	26
2590	27.5
2591	26.8
2592	32.7
2593	30.8
2594	36.9
2595	42.3
2596	42.5
2597	32.3
2598	33.7
2599	41.8
2600	30.5
2601	33.7
2602	36.4
2603	35.6
2604	41.3
2605	45
2606	42.5
2607	39.6
2608	41.6
2609	37.8
2610	50.9
2611	37
2612	11.4
2613	4.4
2614	6.5
2615	24.4
2616	23.4
2617	5.4
2618	7.5
2619	18.2
2620	34.5
2621	40.4
2622	8.3
2623	2.2
2624	1.2
2625	15.3
2626	22.1
2627	40.1
2628	45.5
2629	34.4
2630	31.4
2631	30.6
2632	29.7
2633	16.7
2634	15
2635	19.9
2636	7.8
2637	3
2638	15
2639	23.9
2640	21.8
2641	26.5
2642	43.4
2643	44.7
2644	40.3
2645	35.9
2646	32.3
2647	34.7
2648	41.2
2649	12.2
2650	16
2651	31.2
2652	41.6
2653	53
2654	48.6
2655	36
2656	47.9
2657	48.8
2658	53
2659	53.5
2660	55
2661	63.2
2662	44.7
2663	34.8
2664	41.8
2665	36.3
2666	28.7
2667	30.5
2668	37.6
2669	50.4
2670	51.5
2671	35.8
2672	35.5
2673	34
2674	35.4
2675	40.6
2676	49.8
2677	46.4
2678	38.6
2679	47.5
2680	53.1
2681	41.5
2682	50.3
2683	42.6
2684	34.4
2685	33.7
2686	36.8
2687	43.3
2688	47.4
2689	52.1
2690	57.4
2691	62.6
2692	54.3
2693	44.5
2694	47.2
2695	56.6
2696	62.1
2697	66.1
2698	67.9
2699	46.9
2700	35.8
2701	45.5
2702	54.4
2703	58.9
2704	60.2
2705	65.8
2706	65
2707	69.8
2708	61.6
2709	66
2710	56.4
2711	56
2712	56.9
2713	65.3
2714	69.9
2715	62.5
2716	59.5
2717	51.9
2718	50
2719	52
2720	58
2721	57
2722	63.2
2723	65.5
2724	70.2
2725	72.8
2726	73.8852625635
2727	73.9514398645
2728	73.2749858837
2729	72.1323546019
2730	70.8
2731	65.6
2732	72.8
2733	74.9
2734	78.9
2735	83.9
2736	81.7
2737	78.4
2738	74.7
2739	73.8
2740	71.3
2741	71.2
2742	77.5
2743	76.5
2744	76.6
2745	80.3
2746	82.9
2747	75.4
2748	72.9
2749	74.1
2750	84.2
2751	88.4
2752	90.6
2753	89.7
2754	82.3
2755	73.2
2756	78.2
2757	82.5
2758	76.5
2759	69.2
2760	66.7
2761	68.6
2762	76.2
2763	81.6
2764	74.8
2765	68.4
2766	65.8
2767	75.4
2768	78.5
2769	76.9
2770	61.1
2771	61.1
2772	67.1
2773	65.7
2774	71.7
2775	76.3
2776	72.1
2777	62.4
2778	58.9
2779	69.4
2780	73.1
2781	58.9
2782	66.4
2783	78.1
2784	60
2785	63.3
2786	53.6
2787	63.8
2788	65.1
2789	69.8
2790	67.3
2791	64.8
2792	66.7
2793	65.2
2794	66.6
2795	69.8
2796	66.6
2797	62.6
2798	68.8
2799	68.2
2800	70.1
2801	69
2802	68.8
2803	74
2804	78.9
2805	74.5
2806	62.2
2807	60.8894323193
2808	61.1
2809	61.9
2810	62.9
2811	66.1
2812	68.2
2813	68
2814	64.4
2815	72.4
2816	76.4
2817	69
2818	54.7
2819	56.7
2820	57.9
2821	47.2
2822	51.6
2823	51.8
2824	53.7
2825	46.2
2826	49.5
2827	50.5
2828	47.8
2829	59.8
2830	57.7
2831	43.5
2832	37.9
2833	43
2834	44
2835	43
2836	44.3
2837	55.5
2838	49.5
2839	52.6
2840	59.8
2841	48.8
2842	37.4
2843	47.5
2844	50.5
2845	43.3
2846	48.1
2847	49.5
2848	51.1
2849	46.3
2850	52
2851	48.4
2852	27
2853	21.2
2854	27.5
2855	35.2
2856	41
2857	33.9
2858	40
2859	24.1
2860	12.1
2861	15.3
2862	13.6
2863	23.7
2864	29.5
2865	35.3
2866	37.4
2867	45
2868	50.9
2869	47.3
2870	45.2
2871	39.7
2872	42
2873	42.3
2874	49.1
2875	43.4
2876	41.7
2877	44
2878	49.6
2879	41.9
2880	47.4
2881	51.7
2882	49.1
2883	53.6
2884	35.3
2885	22.2
2886	24.3
2887	20.6
2888	31
2889	39.4
2890	42.8
2891	33.9
2892	41.7
2893	40.4
2894	24.8
2895	13.1
2896	23.9
2897	29.7
2898	30.4
2899	28.9
2900	32.9
2901	35.6
2902	36.1
2903	30.7
2904	37.7
2905	42.2
2906	47.5
2907	39.1
2908	39.6
2909	33.6
2910	29.9
2911	22
2912	23.7
2913	19.9
2914	20.1
2915	18.6
2916	19.4
2917	24.6
2918	36.3
2919	40.7
2920	35.4
2921	32.6
2922	38
2923	38.1
2924	40.1
2925	46.3
2926	39.3
2927	44.7
2928	42.4
2929	43.9
2930	44.4
2931	30.1
2932	14.9
2933	18.5
2934	33.4
2935	38
2936	18.8
2937	18.1
2938	24.9
2939	26.5
2940	28.6
2941	36.2
2942	34.9
2943	10.9
2944	1.1
2945	10.1
2946	31
2947	19.1
2948	12.7
2949	43.4
2950	36.6
2951	35.7
2952	43.7
2953	42.3
2954	45.9
2955	32.1
2956	26.1
2957	25.6
2958	25.2
2959	14.7
2960	16.4
2961	24
2962	23.4
2963	31
2964	32.1
2965	29.5
2966	30.1
2967	32.2
2968	27.2
2969	35.7
2970	41.1
2971	36.2
2972	35.9
2973	38.4
2974	29
2975	11.9
2976	0.4
2977	-4.8
2978	10.7
2979	20.1
2980	22.9
2981	23
2982	22.0806805768
2983	20.9
2984	27.1
2985	8
2986	16.3
2987	17.6
2988	5.8
2989	-5.2
2990	-4
2991	18.7
2992	31.6
2993	31.8
2994	50.2
2995	54.2
2996	49.9
2997	50.6
2998	44.3
2999	37.2
3000	38.4
3001	40.7
3002	45.1
3003	49.9
3004	49.2
3005	40.1
3006	39.4
3007	43.2
3008	38.8
3009	33.8
3010	37.4
3011	51.1
3012	59.7
3013	54.9
3014	40.6
3015	32.6
3016	34.8
3017	36.6
3018	40
3019	38.2
3020	50.5
3021	61.6
3022	57.6
3023	61.5
3024	62.1
3025	62.6
3026	57
3027	48.6
3028	45.6
3029	49.7
3030	51
3031	46.5
3032	47.5
3033	55.6
3034	59.7
3035	57.8
3036	55
3037	53.3
3038	51
3039	45.7
3040	43.2
3041	40.7
3042	43.2
3043	45.1
3044	48.7
3045	53.9
3046	50.6
3047	45
3048	45.1
3049	46.7
3050	43.3
3051	42.5
3052	41.8
3053	46.3
3054	53.2
3055	54.4
3056	57.8
3057	64.5
3058	55.8
3059	47.1
3060	44
3061	40
3062	47.3
3063	57
3064	58.5
3065	65.8
3066	65.2
3067	69.1
3068	73.1
3069	68.9
3070	70.1
3071	77.7
3072	68.9
3073	62.3
3074	63.8
3075	61.7
3076	58.5
3077	58.3
3078	57
3079	52.1
3080	50.2
3081	61.7
3082	61.9
3083	57.9
3084	61.8
3085	64.6
3086	67.7
3087	69.1
3088	69
3089	68.9
3090	71
3091	73.8
3092	76.4
3093	71.2
3094	60.6
3095	56.6
3096	54.2
3097	52.6
3098	54.5
3099	63.8
3100	69.4
3101	66
3102	68.4
3103	78
3104	78.7
3105	78.2
3106	76.7
3107	72.8
3108	75.4
3109	71.3
3110	69.1
3111	71.3
3112	72
3113	74.3
3114	74.2
3115	76.4
3116	86.9
3117	77.4
3118	77.4
3119	84.7
3120	83.7
3121	85.7
3122	85.9
3123	82.6
3124	86.9
3125	78.8
3126	86
3127	88.2
3128	81.4
3129	76.6
3130	76.5
3131	81.1
3132	80.7
3133	76.9
3134	79.5
3135	75.2
3136	77.2
3137	83.9
3138	77.3
3139	74.4
3140	78.7
3141	81
3142	78.3
3143	77.5
3144	81.9
3145	86.2
3146	81.7
3147	84
3148	86.3
3149	85.8
3150	86.2
3151	75.9
3152	72
3153	77.2
3154	80.1
3155	73.9
3156	82
3157	83.2
3158	76.8
3159	78.1
3160	77.4
3161	78.4
3162	70.3
3163	60.8
3164	59.2
3165	64.5
3166	73.8
3167	70.3
3168	65
3169	73.1
3170	75.4
3171	79.9
3172	74.4
3173	70.2
3174	59.9
3175	59.9
3176	60.3
3177	59.1
3178	50.9
3179	55.1
3180	65.2
3181	52.6
3182	44.4
3183	44.4
3184	57.9
3185	60.8
3186	54
3187	53.2
3188	65.9
3189	51.2
3190	63
3191	65.3
3192	55.7
3193	55.3
3194	51.9
3195	49.1
3196	51.5
3197	54.9
3198	54.8
3199	57.1
3200	62.2
3201	64.1
3202	68.9
3203	63.4
3204	65.7
3205	48
3206	45.3
3207	53.3
3208	51.2
3209	44.3
3210	44.8
3211	46.4
3212	64.8
3213	68.2
3214	69
3215	64.5
3216	74.1
3217	62.8
3218	59.1
3219	47.5
3220	42.6
3221	55.6
3222	63.4
3223	45.3
3224	43.3
3225	25.1
3226	16.8
3227	13.7
3228	21.5
3229	24.4
3230	18.9
3231	7.4
3232	19.3
3233	22.1
3234	23.4
3235	33
3236	39
3237	42.2
3238	34.1
3239	37.4
3240	44.3
3241	38.8
3242	40.2
3243	43.6
3244	42.5
3245	53.4
3246	40.5
3247	19.8
3248	4.9
3249	11.1
3250	27
3251	28.8
3252	30.2
3253	30.6
3254	33.3
3255	47.7
3256	42.4
3257	29.7
3258	35.7
3259	39.1
3260	29.3
3261	18.6
3262	40.3
3263	38.6
3264	27.9
3265	28.1
3266	23.1
3267	20
3268	23.1
3269	33.1
3270	41.4
3271	31
3272	30.4
3273	41.3
3274	30.7
3275	38.8
3276	44.3
3277	41.8
3278	34.9
3279	37.1
3280	39.1
3281	39.3
3282	32.3
3283	27.7
3284	22.6
3285	20.1
3286	13
3287	18.1
3288	24.7
3289	14.4
3290	-0.7
3291	-7.5
3292	-7.5
3293	1.1
3294	16.6
3295	31.6
3296	34.6
3297	39.1
3298	35.2
3299	32.5
3300	35.8
3301	38.2
3302	38
3303	37.2
3304	33.3
3305	27.4
3306	35.8
3307	34
3308	31
3309	35.3
3310	38.6
3311	37.8
3312	14.6
3313	1.1
3314	4.3
3315	-8.9
3316	4.5
3317	24.4
3318	33.4
3319	17.5
3320	14.4
3321	15.6
3322	20.7
3323	25
3324	26.6
3325	33.4
3326	30.3
3327	30.6
3328	32.2
3329	20.4
3330	17.4
3331	30.1
3332	27.5
3333	33.2
3334	35.5
3335	41.1
3336	46.4
3337	43.7
3338	37.7
3339	34.4
3340	32.9
3341	32.4
3342	35.7
3343	44.4
3344	40.1
3345	42.9
3346	38
3347	28.3
3348	27.7
3349	24.5
3350	27
3351	32
3352	34.5
3353	37.1
3354	37.2
3355	54.2
3356	52.9
3357	41.9
3358	37
3359	48.4
3360	45.8
3361	32.9
3362	41.1
3363	48.2
3364	50.2
3365	44
3366	57.2
3367	41.5
3368	36.5
3369	41.5
3370	47.2
3371	58.5
3372	52
3373	49.5
3374	44.8
3375	45.3
3376	48.2
3377	53.8
3378	63.7
3379	51.5
3380	37
3381	39.7
3382	52
3383	55.7
3384	56.9
3385	52.5
3386	50.1
3387	46.9
3388	40
3389	42.1
3390	41.5
3391	59.7
3392	57.9
3393	52.1
3394	49
3395	48.7
3396	48.6
3397	47.1
3398	50.5
3399	42.5
3400	45.6
3401	51.5
3402	56.1
3403	51
3404	53.9
3405	66.6
3406	52.6
3407	37.7
3408	45.6
3409	50.4
3410	56.6
3411	67.6
3412	57.5
3413	66
3414	54.9
3415	62.3
3416	65.1
3417	63.2
3418	49.9
3419	41.1
3420	32.9
3421	35.4
3422	47.3
3423	52.3
3424	47.9
3425	45.8
3426	49.8
3427	53.7
3428	56.2
3429	56.8
3430	50.8
3431	46.9
3432	43.6
3433	48.2
3434	57.3
3435	60.1
3436	61.4
3437	57
3438	54
3439	57.7
3440	58.3
3441	61.8
3442	68.1
3443	73.7
3444	69.8
3445	73.6
3446	63.5
3447	55.5
3448	57.9
3449	59.1
3450	54.4
3451	59.9
3452	61.6
3453	63.6
3454	61.5
3455	55.5
3456	52
3457	48.2
3458	48.5
3459	55.2
3460	60.4
3461	63.9
3462	64.6
3463	58.3
3464	61.1
3465	63.6
3466	60.3
3467	64.9
3468	73.2
3469	71.1
3470	70
3471	74.4
3472	68.1
3473	67
3474	58.2
3475	62.2
3476	70.5
3477	61.6
3478	67.1
3479	77.3
3480	74.2
3481	72
3482	72.5
3483	81.7
3484	79.2
3485	77.8
3486	80
3487	84.9
3488	82.2
3489	77.6
3490	72.6
3491	72
3492	66.6
3493	64.3
3494	72.9
3495	78.4
3496	73.3
3497	63.5
3498	66.1
3499	71.3
3500	77
3501	78.7
3502	77.9
3503	72.7
3504	67.9
3505	72.9
3506	74.5
3507	71.6
3508	65.5
3509	62.6
3510	62.3
3511	62.3
3512	66.7
3513	70.2
3514	70.8
3515	72
3516	70.8
3517	70.3
3518	67.8
3519	65
3520	69
3521	75.1
3522	72.3
3523	68.3
3524	65.8
3525	64
3526	57.7
3527	57.1
3528	63.7
3529	65.9
3530	69.9
3531	73.7
3532	78.2
3533	70.9
3534	51.3
3535	52.1
3536	62.4
3537	58.6
3538	58.5
3539	62.3
3540	69.1
3541	67.2
3542	64.3
3543	69.2
3544	55.6
3545	51.9
3546	53.6
3547	60.9
3548	62.4
3549	68.5
3550	58.3
3551	46.9
3552	45.9
3553	49.3
3554	57.1
3555	61.3
3556	64.1
3557	66.2
3558	58.7
3559	54.2
3560	59
3561	56.9
3562	43
3563	52.9
3564	57.5
3565	52.4
3566	61.8
3567	62.3
3568	61.6
3569	55.8
3570	66.4
3571	56.2
3572	48.1
3573	55.6
3574	50.8
3575	59.5
3576	43.3
3577	44.6
3578	43
3579	37.5
3580	43.8
3581	37.8
3582	43
3583	45.8
3584	48.4
3585	39.8
3586	37.6
3587	39.8
3588	40.9
3589	44.6
3590	43.3
3591	42.6
3592	42
3593	35.4
3594	41.9
3595	47.3
3596	36.5
3597	50.8
3598	54.8
3599	44.3
3600	49.7
3601	54.9
3602	41.2
3603	31
3604	33.3
3605	35
3606	40.7
3607	45.4
3608	48.6
3609	45.3
3610	39.1
3611	40.6
3612	29.5
3613	26.4
3614	43.3
3615	32.1
3616	35.2
3617	45.2
3618	38.9
3619	25.4
3620	25.9
3621	22.3
3622	28.5
3623	29
3624	30.7
3625	39
3626	43.3
3627	36.9
3628	34.2
3629	34.9
3630	37.6
3631	42
3632	41.4
3633	54.5
3634	35.7
3635	26
3636	35.5
3637	43.7
3638	37.3
3639	43.1
3640	39.5
3641	42.9
3642	42.4
3643	27.8
3644	18.6
3645	0
3646	18.1
3647	36.5
3648	36.7
3649	20.9
3650	31.5
3651	36.2
3652	32.8
3653	11.2
3654	2.9
3655	-3.2
3656	2.8
3657	0.2
3658	-1.4
3659	12.1
3660	18.2
3661	7.6
3662	6.6
3663	9.7
3664	17.4
3665	21.7
3666	-5.6
3667	-8.3
3668	-6.9
3669	3.5
3670	28.2
3671	43
3672	46.1
3673	49.9
3674	43.2
3675	25.5
3676	47.9
3677	49.5
3678	45
3679	37.7
3680	34.3
3681	41.3
3682	33
3683	35.7
3684	35.4
3685	41
3686	40
3687	43.9
3688	51.6
3689	44.4
3690	17.3
3691	10.8
3692	14.4
3693	27
3694	35.4
3695	43.2
3696	42.9
3697	44.5
3698	34.9
3699	27.7
3700	23.4
3701	31.1
3702	27.4
3703	29.3
3704	28.2
3705	29
3706	29.5
3707	34.6
3708	39.1
3709	45.3
3710	43.3
3711	35.8
3712	33.1
3713	41.1
3714	42.6
3715	45
3716	42.8
3717	46.4
3718	49.6
3719	39.5
3720	44.8
3721	51
3722	47.5
3723	49.5
3724	45.8
3725	32.8
3726	28.4
3727	28.9
3728	37.6
3729	37.7
3730	22.9
3731	29.3
3732	33.7
3733	43.5
3734	42.8
3735	33.1
3736	19.9
3737	22
3738	35.2
3739	50.4
3740	55
3741	45.7
3742	41.5
3743	39.3
3744	48.1
3745	53.2
3746	47.5
3747	50
3748	47.5
3749	49.7
3750	60
3751	58.9
3752	42.6
3753	42.8
3754	44
3755	50.5
3756	58
3757	57
3758	43
3759	50.1
3760	61.4
3761	50.1
3762	34.2
3763	33
3764	34.2
3765	40.3
3766	47.4
3767	52.3
3768	52.2
3769	52.1
3770	38.8
3771	29.1
3772	32
3773	35.4
3774	32.9
3775	35.8
3776	42.6
3777	55.8
3778	58.4
3779	61.8
3780	56.3
3781	52.8
3782	50.4
3783	49.1
3784	40.1
3785	29.4
3786	43.2
3787	51
3788	59.6
3789	65.4
3790	57.3
3791	55.4
3792	65.7
3793	61.7
3794	61.2
3795	60
3796	59.7
3797	54.1
3798	48.3
3799	52.1
3800	56.1
3801	58.7
3802	52.6
3803	48.8
3804	47.8
3805	51.5
3806	53
3807	56.5
3808	59.5
3809	60.7
3810	61.2
3811	52
3812	53.5
3813	51.9
3814	55.9
3815	60
3816	54
3817	53.9
3818	61.5
3819	65.9
3820	67.7
3821	66.8
3822	67.2
3823	67.7
3824	72.4
3825	78.3
3826	80.6
3827	77.6
3828	65.2
3829	70.5
3830	64
3831	60.3
3832	64.5
3833	60.6
3834	64.3
3835	70.4
3836	69
3837	65.5
3838	66.3
3839	72.1
3840	77.9
3841	79.9
3842	80.3
3843	83.2
3844	68.9
3845	65.8
3846	75.9
3847	84
3848	78.1
3849	76.8
3850	85.9
3851	66.1
3852	67.6
3853	81.3
3854	78
3855	82.3
3856	76
3857	81.9
3858	78.4
3859	65.7
3860	55
3861	69.7
3862	73.7
3863	82.7
3864	81.4
3865	79.2
3866	80.4
3867	78.8
3868	66.9
3869	65.6
3870	78
3871	80.1
3872	84.3
3873	80.3
3874	68.9
3875	70.6
3876	64.8
3877	60.1
3878	51.1
3879	56.8
3880	65.5
3881	72.6
3882	76.6
3883	59.6
3884	58.2
3885	68.8
3886	75.5
3887	77.9
3888	76
3889	66.4
3890	59.4
3891	66
3892	72.5
3893	72
3894	77.5
3895	69.4
3896	56
3897	63.4
3898	69.5
3899	76.5
3900	76.8
3901	69.4
3902	62.3
3903	64.5
3904	70.5
3905	79.4
3906	69.8
3907	57.6
3908	52.6
3909	52.1
3910	58.5
3911	61.9
3912	66.2
3913	57.6
3914	53.4
3915	59.5
3916	68.4
3917	64.7
3918	54.9
3919	56.7
3920	43.3
3921	46.8
3922	56.1
3923	58.6
3924	47.7
3925	62.3
3926	69.4
3927	71.1
3928	54.3
3929	44.3
3930	37.9
3931	31
3932	31.1
3933	47.8
3934	51.5
3935	45.9
3936	44.4
3937	48.7
3938	53
3939	56.6
3940	59.5
3941	57.4
3942	58.4
3943	58.3
3944	59.1
3945	48.6
3946	56.7
3947	46.3
3948	41.3
3949	37.8
3950	51.1
3951	54.1
3952	53.7
3953	55.3
3954	50.7
3955	46.8
3956	42.9
3957	38.9
3958	52.7
3959	51.2
3960	40.6
3961	40.9
3962	37.9
3963	39.9
3964	40.5
3965	35.8
3966	34.5
3967	50.7
3968	53.9
3969	43.6
3970	32.6
3971	36.4
3972	26.1
3973	30.7
3974	39.4
3975	41.9
3976	41.5
3977	45
3978	43.4
3979	46
3980	46.2
3981	42.7
3982	45
3983	41.9
3984	30.8
3985	25.6
3986	18.5
3987	17.9
3988	7.8
3989	6.2
3990	15
3991	7.5
3992	15.2
3993	7.3
3994	-1.9
3995	11.4
3996	25.1
3997	34.1
3998	31.6
3999	33.5
4000	43.5
4001	30.7
4002	24.1
4003	13.5
4004	6.3
4005	2.9
4006	13.5
4007	28.5
4008	40.2
4009	47.8
4010	47
4011	41.9
4012	48.9
4013	42.7
4014	42.6
4015	41.2
4016	38.8
4017	32
4018	38.9
4019	43
4020	37.8
4021	38.7
4022	37
4023	36.5
4024	45.9
4025	40.7
4026	36
4027	32.2
4028	40.3
4029	44.2
4030	37.5
4031	34.6
4032	47.1
4033	43.1
4034	31.7
4035	34.9
4036	40.4
4037	32.1
4038	31.8
4039	34.3
4040	26.9
4041	36.8
4042	41.6
4043	43.4
4044	46
4045	35
4046	31.8
4047	35.6
4048	36.8
4049	42.3
4050	39.5
4051	39.2
4052	37.6
4053	33.8
4054	38.4
4055	33.8
4056	36.6
4057	44.3
4058	38.1
4059	24.2
4060	19.6
4061	32.1
4062	41.8
4063	34.4
4064	17.9
4065	7.7
4066	-8.6
4067	-5.5
4068	8.3
4069	21.2
4070	29.9
4071	33
4072	30.9
4073	34.9
4074	20.2
4075	32.2
4076	53
4077	49.8
4078	46.5
4079	28.5
4080	24
4081	28.7
4082	32.3
4083	37.7
4084	46.5
4085	39
4086	37.1
4087	28.5
4088	26.1
4089	22
4090	21.7
4091	32
4092	34.4
4093	31
4094	37.2
4095	34
4096	30.9
4097	23.5
4098	23.7
4099	26.3
4100	31
4101	38.9
4102	46.8
4103	49.3
4104	38.4
4105	46.4
4106	51.7
4107	41.1
4108	37.1
4109	47.1
4110	43.6
4111	41.1
4112	50.6
4113	56.1
4114	51.2
4115	40.1
4116	46.8
4117	53
4118	51.9
4119	49.4
4120	53.6
4121	60.4
4122	56.2
4123	59.9
4124	59.1
4125	40.5
4126	39.2
4127	44.8
4128	47.5
4129	54
4130	61
4131	43.5
4132	35.5
4133	39.3
4134	51.2
4135	54.4
4136	52.2
4137	53.6
4138	53.4
4139	49.1
4140	50.4
4141	43.3
4142	39.1
4143	45.3
4144	58.2
4145	61.3
4146	52.8
4147	47.4
4148	44
4149	51.4
4150	59.4
4151	57.6
4152	56.5
4153	60.8
4154	65.5
4155	71.3
4156	73.8
4157	73
4158	67.3
4159	63.3
4160	69.9
4161	68
4162	66.9
4163	67.4
4164	63.4
4165	51.4
4166	49.6
4167	52.7
4168	56.5
4169	59.1
4170	65.6
4171	71
4172	76.2
4173	71
4174	66.6
4175	69.1
4176	67.3
4177	71.9
4178	66.9
4179	62.5
4180	59
4181	65.9
4182	68.9
4183	69
4184	62.1
4185	65.6
4186	68.5
4187	65.5
4188	66.3
4189	61.6
4190	63.6
4191	64.5
4192	70.8
4193	68
4194	67.9
4195	70.8
4196	73
4197	77.3
4198	83
4199	74.6
4200	73.9
4201	73.6
4202	68
4203	66.9
4204	74.4
4205	73.5
4206	78.6
4207	73.6
4208	76.8
4209	80.2
4210	76.4
4211	80.3
4212	72.6
4213	78.4
4214	84.2
4215	87.5
4216	81.4
4217	84.3
4218	78.9
4219	76.3
4220	75.4
4221	76.8
4222	83.3
4223	79.9
4224	77
4225	81.2
4226	82.1
4227	85
4228	85
4229	83
4230	74.5
4231	70.3
4232	70
4233	72.6
4234	76.8
4235	73.6
4236	71.4
4237	78.4
4238	79.1
4239	78.8
4240	77.7
4241	80.1
4242	71
4243	58.3
4244	68.4
4245	73.3
4246	69.5
4247	66.2
4248	60.7
4249	67.3
4250	72.6
4251	71.4
4252	78.1
4253	80.2
4254	73.6
4255	67.4
4256	64.2
4257	68.3
4258	71.1
4259	75.6
4260	81.3
4261	60.9
4262	57.2
4263	57.8
4264	61.5
4265	66.3
4266	68.4
4267	68.7
4268	69.6
4269	67.8
4270	69.9
4271	69.4
4272	67.9
4273	67.7
4274	69.9
4275	65.6
4276	56.9
4277	45.2
4278	39.8
4279	45.8
4280	51.9
4281	53
4282	52.2
4283	47
4284	46.9
4285	52.1
4286	57.7
4287	61.7
4288	54.1
4289	56.9
4290	66.8
4291	66.2
4292	66.7
4293	58.6
4294	49.7
4295	45.9
4296	53.1
4297	62.2
4298	54.6
4299	43.6
4300	38.1
4301	38.3
4302	37.9
4303	38.9
4304	37.3
4305	43.1
4306	51.6
4307	47.8
4308	29.5
4309	33
4310	45.9
4311	43.1
4312	37.9
4313	36.1
4314	46.2
4315	44.5
4316	44.6
4317	39.3
4318	48.8
4319	55.5
4320	57.3
4321	26.9
4322	18.6
4323	22
4324	24.8
4325	38.4
4326	47.5
4327	49.2
4328	48.7
4329	61.8
4330	54.5
4331	37.1
4332	31.3
4333	39.4
4334	38.1
4335	41.4
4336	39.9
4337	34
4338	50
4339	37.9
4340	37.4
4341	34.3
4342	52
4343	49.7
4344	48.2
4345	38.1
4346	37
4347	22
4348	13.8
4349	16.6
4350	3.3
4351	-2.6
4352	21.1
4353	26.1
4354	17.1
4355	18.4
4356	32.2
4357	40.9
4358	32
4359	29.3
4360	44.8
4361	45.6
4362	37.8
4363	40.7
4364	40.5
4365	40.3
4366	43.4
4367	39.1
4368	31.3
4369	18.8
4370	23.5
4371	31.7
4372	28.6
4373	29.2
4374	33.8
4375	26.6
4376	34
4377	32.2
4378	39.9
4379	39.1
4380	32.6
4381	22.9
4382	16.5
4383	21
4384	26.5
4385	35.3
4386	43.3
4387	39
4388	29.8
4389	30.7
4390	26.9
4391	38
4392	31.7
4393	43.8
4394	7.8
4395	-7.6
4396	0.1
4397	2.4
4398	9.1
4399	20.6
4400	24.9
4401	20.7
4402	23.8
4403	28.3
4404	29.2
4405	27.5
4406	30.9
4407	36.7
4408	39.1
4409	36.3
4410	20.6
4411	26.8
4412	27.6
4413	18
4414	22.8
4415	16.7
4416	6.4
4417	17
4418	27.6
4419	44.1
4420	40.9
4421	20.1
4422	16.9
4423	12.2
4424	17.3
4425	28.3
4426	14.3
4427	2.5
4428	4.7
4429	11.4
4430	37.8
4431	34.4
4432	43.9
4433	37.5
4434	39.2
4435	36
4436	31.1
4437	32.7
4438	31.7
4439	31.4
4440	29.1
4441	28.7
4442	28.3
4443	25.4
4444	22.9
4445	26.5
4446	40.4
4447	44.9
4448	48.4
4449	46.3
4450	51.2
4451	43.1
4452	43.3
4453	51.4
4454	59.7
4455	53.7
4456	39.4
4457	35.5
4458	39.7
4459	52.8
4460	55.7
4461	40.4
4462	51.3
4463	47.8
4464	48.7
4465	52.2
4466	51.7
4467	60.6
4468	49.5
4469	48
4470	38.3
4471	31.9
4472	27.6
4473	31.6
4474	39.3
4475	34.6
4476	29.3
4477	29.4
4478	28.8
4479	27.4
4480	24.3
4481	30.8
4482	39.7
4483	43.3
4484	33.7
4485	32.6
4486	40.1
4487	52.6
4488	55.4
4489	49.5
4490	55
4491	54.2
4492	39
4493	42.7
4494	46.5
4495	46.7
4496	50
4497	47.8
4498	56.2
4499	53.8
4500	53.7
4501	62.9
4502	66.3
4503	60.5
4504	54.3
4505	62
4506	60.6
4507	49
4508	48.3
4509	51.8
4510	54.8
4511	62.8
4512	67.1
4513	61.8
4514	56.3
4515	63.7
4516	67.1
4517	53.4
4518	50
4519	56.5
4520	66.6
4521	70.2
4522	62.7
4523	62.6
4524	57.8
4525	43.7
4526	46.1
4527	49.3
4528	48.2
4529	46.7
4530	59.3
4531	61.7
4532	47.3
4533	50.5
4534	50.7
4535	53.6
4536	60.1
4537	65.4
4538	66.8
4539	67.2
4540	58.2
4541	51.3
4542	57.4
4543	63.5
4544	68.7
4545	67.5
4546	64.3
4547	66
4548	63.2
4549	59.3
4550	62.1
4551	61.9
4552	60.5
4553	61.8
4554	72
4555	71.9
4556	75.2
4557	77.6
4558	72.3
4559	69.7
4560	60.6
4561	64.9
4562	71.5
4563	82.5
4564	80.8
4565	75.2
4566	77.5
4567	78.2
4568	79.1
4569	78.5
4570	83.4
4571	85.8
4572	69.2
4573	72.9
4574	66.1
4575	67.7
4576	74
4577	78.8
4578	80.3
4579	77.8
4580	84.9
4581	83.9
4582	75.7
4583	82.2
4584	86.9
4585	88.4
4586	85.6
4587	86
4588	89.1
4589	75.2
4590	71.4
4591	71.3
4592	77.7
4593	81.9
4594	83.8
4595	84.2
4596	76.3
4597	71.2
4598	76.2
4599	78.2
4600	72.6
4601	68.8
4602	75.2
4603	77.2
4604	76.4
4605	77.3
4606	68.3
4607	70
4608	81.6
4609	74.3
4610	73.1
4611	71.3
4612	77.6
4613	73.8
4614	72
4615	70.4
4616	68.8
4617	65
4618	63.9
4619	60.6
4620	66.8
4621	75.9
4622	68.9
4623	62.9861796043
4624	61.1
4625	72.6
4626	79.9
4627	77.9
4628	75
4629	80.4
4630	74.1
4631	71.7
4632	64.4
4633	58.2
4634	52.9
4635	49.3
4636	51.4
4637	63.1
4638	68.4
4639	51.6
4640	51.3
4641	62.2
4642	68.9
4643	66.4
4644	55.2
4645	54
4646	56
4647	55.8
4648	67.3
4649	60.4
4650	45.9
4651	50.5
4652	57.7
4653	58.4
4654	65.2
4655	59.3
4656	48
4657	60.3
4658	53.7
4659	55.3
4660	46.7
4661	44.7
4662	39.7
4663	44.1
4664	49.7
4665	53.3
4666	51.3
4667	57
4668	50.4
4669	51.8
4670	49.3
4671	49.1
4672	45.8
4673	47.2
4674	45.5
4675	50.3
4676	48.2
4677	41.4
4678	44.5
4679	62.8
4680	59.5
4681	61.7
4682	43
4683	40.1
4684	53.6
4685	56.8
4686	50.4
4687	39
4688	47.1
4689	39.6
4690	46.6
4691	55.3
4692	34.8
4693	35.4
4694	49.7
4695	52.6
4696	44.6
4697	51.4
4698	47.7
4699	41.7
4700	50.9
4701	36.2
4702	39.3
4703	51
4704	51.5
4705	49.3
4706	35.7
4707	27
4708	17
4709	14.4
4710	18
4711	27.9
4712	36.2
4713	27.8
4714	27.5
4715	28.2
4716	23.5
4717	13.6
4718	12.5
4719	12.9
4720	38.6
4721	49
4722	41.4
4723	28.8
4724	24.8
4725	18.6
4726	18.1
4727	26.6
4728	20.6
4729	28.4
4730	29.2
4731	24.4
4732	23.7
4733	28.4
4734	31.4
4735	35.1
4736	38.1
4737	40.6
4738	29.4
4739	16.9
4740	30.2
4741	35.2
4742	31.9
4743	24
4744	22.8
4745	20.9
4746	24.9
4747	26.9
4748	25.6
4749	18.9
4750	23.6
4751	40
4752	42.5
4753	44.1
4754	34.9
4755	30.4
4756	26.2
4757	30.1
4758	28.3
4759	34.8
4760	37
4761	33.9
4762	35.1
4763	38
4764	17.8
4765	22.7
4766	19.9
4767	16.7
4768	12.1
4769	0.4
4770	3.6
4771	13.7
4772	15.5
4773	19
4774	30.7
4775	39.6
4776	21.5
4777	-11.4
4778	7.8
4779	24.9
4780	32.1
4781	28.4
4782	24.2
4783	19.2
4784	21.4
4785	30.2
4786	30.5
4787	35.7
4788	11.8
4789	1.6
4790	39.2
4791	43.823556989
4792	39.9
4793	26.6
4794	33.7
4795	42.4
4796	29.4
4797	36.1
4798	42.3
4799	24.6
4800	29.4
4801	39
4802	39.4
4803	37.1
4804	30.7
4805	33.1
4806	40.3
4807	45.2
4808	36.5
4809	50.9
4810	37.3
4811	33
4812	39.4
4813	25.5
4814	29.9
4815	30.8
4816	40.8
4817	41.8
4818	45
4819	52
4820	45.1
4821	41.3
4822	35.2
4823	36.1
4824	34.3
4825	36.3
4826	40.6
4827	42.6
4828	43.1
4829	38.6
4830	33.4
4831	37.2
4832	48.3
4833	37.2
4834	35.1
4835	33.2
4836	31.4
4837	35.2
4838	27.3
4839	31.2
4840	29.5
4841	34.2
4842	39.1
4843	45.7
4844	45.5
4845	36.5
4846	42.5
4847	41.2
4848	38.4
4849	41.1
4850	41
4851	45.8
4852	50.5
4853	65
4854	55.5
4855	40.4
4856	44.1
4857	55.1
4858	50.7
4859	30.9
4860	24.7
4861	37.4
4862	37.9
4863	35.4
4864	36.3
4865	38.2
4866	47.9
4867	58.1
4868	63.9
4869	53.7
4870	44.2
4871	38.9
4872	47.2
4873	54.6
4874	58.7
4875	62.1
4876	50.8
4877	50.8
4878	47.4
4879	43
4880	57.3
4881	48.9
4882	47.9
4883	56.6
4884	57.4
4885	64.9
4886	69.1
4887	73.9
4888	71.4
4889	66.1
4890	62.9
4891	45.2
4892	48.3
4893	50
4894	50
4895	48.6
4896	43.5
4897	48.4
4898	56.8
4899	62
4900	60.6
4901	64.7
4902	62
4903	59
4904	55
4905	55.6
4906	55.2
4907	53.7
4908	52.7
4909	56
4910	57.5
4911	46
4912	48.2
4913	61.2
4914	66.2
4915	61.4
4916	63.3
4917	69.9
4918	72
4919	67.4
4920	67.4
4921	70.7
4922	74.3
4923	68.4
4924	71
4925	70.5
4926	71
4927	70.3
4928	66
4929	67.6
4930	76.8
4931	78.1
4932	64.8
4933	66.1
4934	80.3
4935	78.8
4936	71.8
4937	73.1
4938	70.5
4939	72.4
4940	79.3
4941	73.4
4942	63.4
4943	71.7
4944	77.2
4945	76
4946	74.4
4947	66.5
4948	69.9
4949	68.3
4950	70.4
4951	76.3
4952	83.7
4953	76.1
4954	73
4955	73.3
4956	77
4957	80.4
4958	80.7
4959	75.1
4960	80.5
4961	73.1
4962	78.4
4963	82.2
4964	71
4965	69.2
4966	71.1
4967	75.7
4968	78.6
4969	77.4
4970	76.5
4971	77.3
4972	71.5
4973	71.2
4974	72.3
4975	69.8
4976	60.5
4977	66.4
4978	75.2
4979	77
4980	81.8
4981	80.2
4982	75.7
4983	61.3
4984	64.4
4985	72
4986	80.7
4987	77.7
4988	60.6
4989	65.1
4990	70.5
4991	74.6
4992	69.7
4993	49.9
4994	49.3
4995	55.8
4996	54.4
4997	53.4
4998	54
4999	50.1
5000	48.3
5001	58.7
5002	59.9
5003	50.8
5004	57.6
5005	58
5006	51.4
5007	61.7
5008	67.6
5009	67.9
5010	67.7
5011	66.1
5012	69.1
5013	67
5014	58.1
5015	52.6
5016	57.7765708971
5017	64.1
5018	63
5019	58.4
5020	58.2
5021	54.3
5022	59.5
5023	60.6
5024	64.2
5025	64.4
5026	61.9
5027	57
5028	53.7
5029	54.3
5030	53.4
5031	40.7
5032	32.3
5033	30.2
5034	29.7
5035	31
5036	41
5037	40.9
5038	41.4
5039	49.1
5040	58.3
5041	51.4
5042	43.6
5043	47
5044	40.3
5045	45.2
5046	49.3
5047	55.9
5048	40
5049	37.6
5050	52.8
5051	55.8
5052	55.9
5053	51.3
5054	58.2
5055	55.6
5056	54.5
5057	44.7
5058	39.7
5059	39.3
5060	39.1
5061	44.5
5062	44.6
5063	42.7
5064	44.2
5065	44.7
5066	49.8
5067	35.3
5068	36
5069	42.6
5070	35.5
5071	60.6
5072	44.1
5073	27.5
5074	35.2
5075	37.1
5076	39.7
5077	37.6
5078	43.4
5079	42.2
5080	31.8
5081	36.9
5082	43
5083	42
5084	40.5
5085	41.7
5086	21.4
5087	15
5088	25.4
5089	39.3
5090	45.1
5091	33.9
5092	22.1
5093	37.7
5094	38.3
5095	33.9
5096	20.9
5097	-9.6
5098	-15.1
5099	-8.4
5100	11.8
5101	8.2
5102	0.3
5103	-6.3
5104	-7.5
5105	2.1
5106	4.1
5107	12.3
5108	25.1
5109	20.6
5110	18.1
5111	31.9
5112	34.5
5113	31.8
5114	23.1
5115	31.8
5116	29.4
5117	4.1
5118	8.5
5119	23.9
5120	33.9
5121	36.6
5122	45.7
5123	32.8
5124	34.1
5125	38
5126	32.2
5127	37.5
5128	28.8
5129	20.8
5130	40.1
5131	44.9
5132	42.5
5133	43.4
5134	44.7
5135	40.7
5136	40
5137	10.8
5138	2.1
5139	0.7
5140	1.6
5141	5.9
5142	27
5143	30.3
5144	38.5
5145	41.2
5146	30.3
5147	32.8
5148	44.2
5149	44.8
5150	43.8
5151	45.3
5152	39.8
5153	36.4
5154	37.8
5155	36.7
5156	30.6
5157	31.6
5158	24.4
5159	23.2
5160	25.3
5161	31.1
5162	36.9
5163	29.5
5164	38.9
5165	33.3
5166	24.6
5167	32.6
5168	42.7
5169	47.2
5170	33.3
5171	13.7
5172	10
5173	20.8
5174	28
5175	46
5176	49.4
5177	44.1
5178	39.1
5179	21.5
5180	26.1
5181	31
5182	9.6
5183	1.7
5184	0.2
5185	11.6
5186	31.2
5187	42.9
5188	47.7
5189	48.7
5190	35.3
5191	39.6
5192	42.6
5193	50.9
5194	50.1
5195	53.4
5196	37
5197	37
5198	36.6
5199	20.4
5200	24.8
5201	40.1
5202	36
5203	26.8
5204	31.8
5205	38.3
5206	38.2
5207	37.9
5208	33
5209	31.4
5210	39.1
5211	53.1
5212	51.1
5213	44.5484506397
5214	39.6
5215	52.1
5216	55.2
5217	53.5
5218	46.7
5219	34.7
5220	36.4
5221	43.9
5222	51.2
5223	52.6
5224	60.5
5225	64
5226	66.9
5227	55.7
5228	30.7
5229	39.6
5230	43.3
5231	40.7
5232	42.4
5233	39.8
5234	36.7
5235	39
5236	44.2
5237	48.5
5238	52.9
5239	54.7
5240	54.9
5241	53
5242	45.4
5243	47.2
5244	49.4
5245	52.5
5246	52.5
5247	45.2
5248	52.2
5249	50.9
5250	49.4
5251	65.1
5252	69.3
5253	67.1
5254	60
5255	55
5256	57.7
5257	57.4
5258	63.5
5259	60.2
5260	60.7
5261	66.7
5262	68.3
5263	69.1
5264	70.8
5265	74
5266	60.6
5267	49.2
5268	50
5269	58.5
5270	60
5271	46.9
5272	40.9
5273	45.9
5274	48.2
5275	48.6
5276	55.3
5277	60.9
5278	66.8
5279	68
5280	62.1
5281	61.6
5282	67.7
5283	61.7
5284	66.1
5285	70.4
5286	64.7
5287	66.3
5288	60.5
5289	70.7
5290	77
5291	72.6
5292	65.9
5293	71.7
5294	77.4
5295	77.9
5296	71.7
5297	68.7
5298	63.8
5299	68.6
5300	68.1
5301	69.7
5302	69.4
5303	66.6
5304	63.4
5305	67.7
5306	72.1
5307	77.9
5308	71.6
5309	67.6
5310	66.3
5311	70.4
5312	76.1
5313	77.1
5314	80.4
5315	72.1
5316	70.2
5317	74.7
5318	80.7
5319	79.8
5320	74.7
5321	80.6
5322	70.6
5323	66.2
5324	61
5325	62.8
5326	67.5
5327	69.4
5328	79.5
5329	73.1
5330	70.1
5331	68
5332	70.5
5333	66.8
5334	58.8
5335	63.5
5336	69.3
5337	76.4
5338	78.8
5339	72.1
5340	66.5
5341	62.2
5342	60.8
5343	60
5344	67.4
5345	67.8
5346	66.4
5347	67.8
5348	78.5
5349	76.5
5350	69.8
5351	69.8
5352	75.6
5353	78.8
5354	68.2
5355	67.6
5356	66.2
5357	71.1
5358	66.7
5359	73.1
5360	76.3
5361	76.7
5362	75
5363	81.5
5364	69
5365	62.1
5366	63.4
5367	68.9
5368	63.1
5369	60.1
5370	58.4
5371	66.5
5372	75
5373	73.6
5374	76.3
5375	74.8
5376	73.7
5377	70.6
5378	53.1
5379	56.1
5380	63.4
5381	65
5382	65.7
5383	67.5
5384	63
5385	51.4
5386	58.4
5387	55.4
5388	44.4
5389	46.2
5390	45
5391	40.5
5392	34.7
5393	37.9
5394	40.9
5395	34.2
5396	27.9
5397	20
5398	20.2
5399	21
5400	27.7
5401	36.9
5402	51.7
5403	49.8
5404	57.5
5405	63.5
5406	45.3
5407	36.9
5408	40.5
5409	46.3
5410	46.3
5411	51.3
5412	40.5
5413	44.8
5414	48.1
5415	36.3
5416	32.3
5417	42.6
5418	55.8
5419	51.3
5420	42.5
5421	47
5422	39.1
5423	53.8
5424	60.9
5425	44.4
5426	43.7
5427	40.2
5428	46.6
5429	42.5
5430	37.8
5431	27.5
5432	26
5433	30.4
5434	40.6
5435	48.2
5436	49.6
5437	39.4
5438	45.9
5439	45
5440	32.7
5441	35.7
5442	34.7
5443	38.6
5444	47.7
5445	45.8
5446	40.8
5447	35.2
5448	39.8
5449	34.6
5450	15
5451	16.2
5452	19.3
5453	23.3
5454	9.8
5455	-1.7
5456	-4.9
5457	-5
5458	9.4
5459	18.7
5460	26.8
5461	-2.4
5462	-7.1
5463	2.7
5464	36.1
5465	36.9
5466	32.1
5467	32.2
5468	37.2
5469	34.4
5470	26.8
5471	19.1
5472	6.5
5473	6.4
5474	12.8
5475	15.3
5476	16.8
5477	20.8
5478	22.6
5479	15.4
5480	6.4
5481	24
5482	33.6
5483	26
5484	19.2
5485	7
5486	-7.3
5487	11.9
5488	25.4
5489	34.1
5490	35.3
5491	41.2
5492	43.6
5493	37
5494	38.4
5495	45.5
5496	38.6
5497	35.4
5498	34.2
5499	32.7
5500	30.7
5501	24.8
5502	21
5503	22.1
5504	21.8
