-20 8.88639 0.0290642578819
-19.9 12.9098 0.00769987677951
-19.8 10.2519 -0.0402774612093
-19.7 7.33041 -0.0888613037412
-19.6 6.93065 -0.0930370412637
-19.5 9.27697 -0.0410720328799
-19.4 12.6885 0.0280940991828
-19.3 10.5287 0.0819586355904
-19.2 10.366 0.119115015479
-19.1 11.7944 0.153842419612
-19 11.8188 0.179104859032
-18.9 13.3742 0.170716885995
-18.8 11.6932 0.117707435419
-18.7 10.7644 0.0369697604273
-18.6 7.82718 -0.0249034076289
-18.5 7.10452 -0.0284314811252
-18.4 11.6139 0.00935641115092
-18.3 13.015 0.0341431961192
-18.2 9.54706 0.0168178636446
-18.1 8.75158 -0.0148459564719
-18 8.99283 -0.0234611991404
-17.9 10.2015 -0.00174115418068
-17.8 10.4744 0.0373122344658
-17.7 10.8715 0.0820565838579
-17.6 10.9765 0.129042735146
-17.5 11.5718 0.177222640298
-17.4 12.7422 0.214888014917
-17.3 13.3548 0.225139932007
-17.2 12.3253 0.197457170863
-17.1 10.9785 0.144876048331
-17 10.9245 0.0815204498692
-16.9 11.3913 0.0219539441209
-16.8 6.71797 -0.0105005161392
-16.7 10.4643 -0.000781352830597
-16.6 10.6857 0.041791687101
-16.5 10.2511 0.0901741198737
-16.4 12.8262 0.118139986873
-16.3 11.629 0.113885014771
-16.2 10.483 0.080713792092
-16.1 10.1114 0.0414485222983
-16 9.86572 0.00469600375531
-15.9 10.2165 -0.026306139605
-15.8 9.49317 -0.0553973991772
-15.7 9.13913 -0.0652698719374
-15.6 5.65178 -0.0399022835683
-15.5 14.7118 0.00186885075988
-15.4 9.1663 0.0323121458276
-15.3 10.1867 0.03898681418
-15.2 11.1703 0.0464857747274
-15.1 7.65261 0.0663019368904
-15 15.029 0.0847285636342
-14.9 8.45333 0.0901789648392
-14.8 12.6532 0.07933906539
-14.7 9.34291 0.068139183083
-14.6 10.1793 0.074603102612
-14.5 10.8859 0.0866746377127
-14.4 13.0553 0.0828399326929
-14.3 9.69793 0.0366157207031
-14.2 10.7167 -0.0387234137604
-14.1 8.01868 -0.112905854143
-14 6.69419 -0.143762447039
-13.9 7.18509 -0.114235796688
-13.8 11.3532 -0.0526327508218
-13.7 11.304 -0.015737013188
-13.6 9.96094 -0.024869012632
-13.5 8.75631 -0.0596194006082
-13.4 8.86904 -0.0859853500364
-13.3 7.91733 -0.0877230806339
-13.2 9.80182 -0.0754401841737
-13.1 11.0903 -0.0718049468236
-13 8.60021 -0.0791106793187
-12.9 7.21323 -0.0603535659336
-12.8 8.51537 0.0115404128024
-12.7 13.7766 0.110795877538
-12.6 11.6249 0.191483468484
-12.5 13.2655 0.223930869585
-12.4 13.4491 0.206262125596
-12.3 9.9362 0.155273562869
-12.2 11.8673 0.0861985334897
-12.1 10.8063 0.0114808307382
-12 8.31016 -0.0587160410389
-11.9 7.93821 -0.0984700876355
-11.8 8.22823 -0.0950054859077
-11.7 10.7796 -0.0659222524669
-11.6 8.80588 -0.0279888441369
-11.5 9.67765 0.00748407506228
-11.4 12.0309 0.0310995043872
-11.3 10.1915 0.0341419674467
-11.2 9.77127 0.0219248908666
-11.1 9.40264 0.00519506654896
-11 12.0763 -0.0260600462449
-10.9 9.03773 -0.0692502563986
-10.8 6.40372 -0.0949598610372
-10.7 9.39993 -0.0779764902033
-10.6 9.36613 -0.0252348011481
-10.5 11.8917 0.0262251489833
-10.4 10.6468 0.060827366977
-10.3 9.19013 0.0835690479122
-10.2 13.1416 0.100524867309
-10.1 10.0914 0.115257651077
-10 10.8981 0.126925383434
-9.9 12.3411 0.13060106544
-9.8 11.3851 0.114965421304
-9.7 11.1863 0.0770516976401
-9.6 10.4244 0.0367054993323
-9.5 7.90812 0.0180949259288
-9.4 10.0992 0.0293426228922
-9.3 13.1159 0.0386833372652
-9.2 10.3118 0.0206665625727
-9.1 7.50831 -0.0156040521983
-9 11.5146 -0.0454948353775
-8.9 8.43555 -0.0595202217866
-8.8 8.7501 -0.0496022856324
-8.7 8.39124 -0.00883865299777
-8.6 12.5801 0.0374239090622
-8.5 12.4001 0.0534761903985
-8.4 7.54556 0.041903280265
-8.3 10.9044 0.0158566373664
-8.2 12.6446 -0.0280645932432
-8.1 7.44635 -0.081903564666
-8 6.06415 -0.106928175256
-7.9 10.3527 -0.0811395811443
-7.8 9.68513 -0.0281102901334
-7.7 10.821 0.0207411471872
-7.6 10.3875 0.0540006564728
-7.5 10.6272 0.0663780964415
-7.4 12.2109 0.0524978072693
-7.3 9.60127 0.0209418727617
-7.2 8.99068 -0.0159878176171
-7.1 9.72799 -0.0428397367384
-7 9.63449 -0.0670679351686
-6.9 10.7601 -0.09548199965
-6.8 4.94323 -0.104737216823
-6.7 9.87671 -0.0793252167633
-6.6 11.8287 -0.0283864039345
-6.5 7.56891 0.0339456847975
-6.4 11.2802 0.101699469431
-6.3 13.2917 0.150320903625
-6.2 13.3629 0.138382053993
-6.1 9.97401 0.0617417739098
-6 10.0377 -0.0527650867062
-5.9 7.85422 -0.16930949551
-5.8 6.17432 -0.249871811808
-5.7 6.67853 -0.258485985693
-5.6 5.45557 -0.173358559339
-5.5 9.51924 0.00191870140264
-5.4 12.7085 0.216305534624
-5.3 16.4008 0.41831207124
-5.2 14.6761 0.57045003433
-5.1 20.1165 0.656328653722
-4.9 16.0091 0.608652618265
-4.8 14.3362 0.560663286872
-4.7 15.4448 0.516503450285
-4.6 17.2725 0.425344726407
-4.5 14.7165 0.263376735115
-4.4 8.45993 0.0610094742313
-4.3 6.01915 -0.0931666246804
-4.2 7.43264 -0.156777607171
-4.1 10.2002 -0.149695187343
-4 6.98929 -0.111164370493
-3.9 10.8608 -0.0700896439888
-3.8 9.14409 -0.0402557944624
-3.7 9.64272 -0.035567922669
-3.6 12.1151 -0.0644470224043
-3.5 7.21628 -0.116233025692
-3.4 7.24163 -0.15474070772
-3.3 7.82265 -0.149607601102
-3.2 10.1657 -0.097906268396
-3.1 6.85042 -0.0062956700144
-3 12.2916 0.11232111943
-2.9 13.3496 0.214178021607
-2.8 14.1708 0.260530824402
-2.7 12.741 0.238065208279
-2.6 12.3652 0.174488045038
-2.5 8.89891 0.10206398482
-2.4 11.6437 0.0472372019485
-2.3 9.42973 0.00925233505729
-2.2 10.0384 -0.0113985858571
-2.1 8.60771 -0.012661049687
-2 10.9046 0.00398262678554
-1.9 9.41881 0.0258959535618
-1.8 11.7043 0.0390740478868
-1.7 10.8494 0.0333350813956
-1.6 8.51193 0.01929283813
-1.5 10.9642 0.00118432126869
-1.4 10.9351 -0.0259611076169
-1.3 7.81819 -0.0610370789441
-1.2 9.74923 -0.0924599274664
-1.1 8.87671 -0.102152573106
-1 6.49051 -0.0818054568429
-0.9 11.6945 -0.0359843345356
-0.8 9.85307 0.0117884046103
-0.7 11.1814 0.0390770134815
-0.6 9.76424 0.0478752800193
-0.5 10.9691 0.0407027392397
-0.4 11.666 0.0166904091009
-0.3 7.921 -0.003881169706
-0.2 9.16287 0.00360417948166
-0.1 10.9953 0.0421080495224
0 10.951 0.0906400876241
0.1 11.3375 0.121581907329
0.2 13.4234 0.123487571805
0.3 9.33739 0.094777956033
0.4 10.8075 0.054277285574
0.5 10.0042 0.00261363465025
0.6 12.1929 -0.0643340619817
0.7 5.18389 -0.125412610433
0.8 8.09954 -0.138629569335
0.9 7.82889 -0.0899248504687
1 10.9867 -0.0154117923208
1.1 12.2155 0.0364929459987
1.2 9.64567 0.0435137707718
1.3 12.0824 0.0130729367824
1.4 7.12537 -0.0144178928399
1.5 10.0678 -0.0115580900911
1.6 9.93732 0.029391066869
1.7 9.72759 0.0891028796431
1.8 14.6447 0.129449195597
1.9 11.2873 0.136146587693
2 9.17011 0.125548070495
2.1 11.6215 0.122603291976
2.2 12.205 0.114698810495
2.3 11.582 0.0705249764723
2.4 10.5553 -0.0100161307838
2.5 8.42558 -0.10392875044
2.6 6.35366 -0.165577496534
2.7 6.56122 -0.181554081686
2.8 12.2138 -0.186433875733
2.9 6.38798 -0.219788694254
3 8.48404 -0.285633182
3.1 5.17345 -0.347181084976
3.2 4.01284 -0.372363046369
3.3 8.26575 -0.356532445064
3.4 5.91704 -0.311354283738
3.5 7.57406 -0.248517693099
3.6 6.83722 -0.158784570163
3.7 10.1538 -0.0426753342247
3.8 11.7994 0.0825337013744
3.9 10.7 0.220193538592
4 12.3047 0.368304804681
4.1 19.0505 0.50764473136
4.2 14.5201 0.613396438423
4.3 17.2785 0.686994925496
4.4 18.3936 0.741997390219
4.5 17.1678 0.789201818257
4.6 17.628 0.836348920842
4.7 19.8306 0.887005296444
4.8 20.1274 0.924706280083
4.9 18.6882 0.949320275002
5.1 21.0237 0.939447183782
5.2 19.0229 0.884748565952
5.3 18.6788 0.809009610758
5.4 15.6725 0.731399444142
5.5 18.0681 0.65929663198
5.6 15.1734 0.593816720269
5.7 14.0237 0.536379662317
5.8 17.3403 0.469736977793
5.9 13.8135 0.383489040429
6 11.3049 0.282551328813
6.1 12.4865 0.188558553969
6.2 10.8 0.101673442972
6.3 11.4224 0.019411501603
6.4 7.10463 -0.0366544959534
6.5 8.81173 -0.0500548636703
6.6 9.99343 -0.0290305602178
6.7 10.6919 -0.00856023252576
6.8 12.0024 -0.0187470793759
6.9 6.95703 -0.0463160243269
7 8.61793 -0.0710144405198
7.1 11.6931 -0.0933102383121
7.2 8.43878 -0.123013149761
7.3 6.85596 -0.144034734879
7.4 7.0175 -0.12330274378
7.5 10.8929 -0.0768395888981
7.6 11.932 -0.0378882110895
7.7 6.09577 -0.0090620304761
7.8 11.6314 0.0226519504302
7.9 11.9836 0.0497220990702
8 9.59499 0.0625050785059
8.1 9.99047 0.0652934958713
8.2 12.9093 0.0579909466911
8.3 9.06988 0.0370466535607
8.4 9.71392 0.0160668850316
8.5 11.1414 0.00626404677838
8.6 8.30785 0.0137923594622
8.7 10.501 0.0395719265873
8.8 12.0445 0.072109986766
8.9 10.167 0.10048612353
9 10.5868 0.112331407566
9.1 13.6714 0.0936989152598
9.2 9.84449 0.0273186016941
9.3 11.3447 -0.0694406297085
9.4 4.07414 -0.137918002963
9.5 7.10537 -0.136889919431
9.6 11.9064 -0.0874240854139
9.7 9.7168 -0.0380691030267
9.8 9.56564 -0.0118042240372
9.9 9.77133 0.0152139904771
10 9.92287 0.0516641536379
10.1 11.6345 0.098512184473
10.2 11.0681 0.140523083477
10.3 13.8185 0.171466255926
10.4 8.91291 0.198511781508
10.5 13.4423 0.231739163445
10.6 12.8258 0.250839211923
10.7 15.629 0.225828870726
10.8 8.97898 0.163490078146
10.9 10.3959 0.0975484206759
11 12.1894 0.0374503553312
11.1 8.59219 -0.0251203922024
11.2 9.88265 -0.0930479692014
11.3 8.26284 -0.152681750709
11.4 7.07109 -0.177146046908
11.5 5.4745 -0.148992737666
11.6 12.0443 -0.0823142155038
11.7 9.75811 -0.0305656863107
11.8 11.7779 -0.0160939294167
11.9 6.58466 -0.0253639460631
12 11.7558 -0.0369940388321
12.1 9.1767 -0.0546217725399
12.2 9.49318 -0.073983975832
12.3 7.85564 -0.0836845827723
12.4 9.78554 -0.0683316790373
12.5 8.54621 -0.026454059839
12.6 10.5432 0.0275133468828
12.7 12.294 0.0662707785146
12.8 9.80401 0.0707513372956
12.9 13.5756 0.0326072881062
13 7.08907 -0.0187839353045
13.1 7.39076 -0.0535861772127
13.2 13.2141 -0.0685556411571
13.3 7.49035 -0.077400122232
13.4 7.82798 -0.0693647622202
13.5 9.30069 -0.0343820194298
13.6 12.3423 0.00119250541366
13.7 9.19298 0.00564531065617
13.8 12.1652 -0.0260197837086
13.9 6.9521 -0.0633904798259
14 7.70814 -0.0766145158581
14.1 11.8595 -0.0576408915064
14.2 7.10898 -0.021941973481
14.3 13.0869 0.0154826889541
14.4 8.05153 0.0561135970247
14.5 11.1414 0.101156614211
14.6 12.9797 0.1289319544
14.7 13.1119 0.128776479511
14.8 7.35337 0.110243323416
14.9 12.9521 0.100879352713
15 10.1231 0.0899077317802
15.1 12.5996 0.0596117378285
15.2 10.4425 0.0111259316586
15.3 6.91442 -0.00740656287981
15.4 7.48512 0.0378746545998
15.5 15.3843 0.123483927827
15.6 11.7971 0.189722912467
15.7 12.0168 0.208349506406
15.8 13.1739 0.190648096862
15.9 9.80266 0.153759637145
16 13.1571 0.105129691733
16.1 9.76717 0.0578223098596
16.2 8.68841 0.0245136176242
16.3 10.4234 0.0121981982471
16.4 11.3427 0.0025482972026
16.5 9.70658 -0.0226347140688
16.6 8.39307 -0.0564686592354
16.7 10.328 -0.0879379863924
16.8 7.70518 -0.106637676345
16.9 8.73291 -0.102527149939
17 8.9055 -0.0698592757004
17.1 9.50671 -0.0153588831142
17.2 11.0123 0.0429030071199
17.3 11.2139 0.0909413772903
17.4 11.4906 0.11418427193
17.5 11.672 0.114090239457
17.6 10.2863 0.0933857527523
17.7 12.118 0.0608348118657
17.8 8.88142 0.0317555587516
17.9 9.99473 0.0219987701669
18 8.96182 0.0371903670955
18.1 12.3871 0.0538395882541
18.2 12.925 0.0424655371376
18.3 6.65085 0.0236805880797
18.4 8.91123 0.0324885031049
18.5 13.7011 0.0600760476097
18.6 10.0376 0.0707186970188
18.7 10.8778 0.0399047788556
18.8 12.2981 -0.0184110829443
18.9 4.61207 -0.0745167194248
19 10.4966 -0.0968764771709
19.1 8.88215 -0.0885844240194
19.2 9.98494 -0.0728415551214
19.3 7.90984 -0.0620431941122
19.4 10.9796 -0.0626086674283
19.5 9.6882 -0.0909067293812
19.6 9.09816 -0.141057554772
19.7 6.08341 -0.177265616883
19.8 6.94772 -0.169730430642
19.9 10.9638 -0.122752466988
20 6.68607 -0.0577162659523
20.1 12.5425 -0.00403320749374
20.2 10.8616 0.0250172549358
20.3 9.25494 0.0306675421409
20.4 10.3955 0.0393205263092
20.5 9.31381 0.0624188173419
20.6 13.6204 0.080472083079
20.7 9.16656 0.082238680702
20.8 11.9028 0.0694047165532
20.9 10.0568 0.0603078490721
21 9.08024 0.0776074373355
21.1 11.3747 0.121883177463
21.2 12.7877 0.171503080258
21.3 12.6112 0.192257415041
21.4 12.2222 0.169435219461
21.5 11.0554 0.113330522714
21.6 10.5206 0.037588625219
21.7 11.0886 -0.0408248586505
21.8 4.43425 -0.0850505787418
21.9 10.3736 -0.0900583779187
22 12.339 -0.0762457712066
22.1 4.64677 -0.0620737965993
22.2 12.9917 -0.0491503287401
22.3 8.41766 -0.0392282404405
22.4 9.52323 -0.0471167125254
22.5 10.8214 -0.074189523704
22.6 8.73175 -0.109705681377
22.7 6.81045 -0.131249868656
22.8 7.58704 -0.108583643047
22.9 10.9888 -0.0654509140346
23 11.0384 -0.036920468151
23.1 8.798 -0.0359248365291
23.2 9.4543 -0.0420874164183
23.3 7.88053 -0.0351032450282
23.4 12.7172 -0.0299251377474
23.5 9.41004 -0.0292743455546
23.6 6.58705 -0.0203697285029
23.7 12.429 0.0111550174987
23.8 8.59806 0.0473452595957
23.9 14.6739 0.0487614801245
24 8.76809 0.00799368200485
24.1 8.14649 -0.0452398975436
24.2 10.192 -0.0850016601247
24.3 8.55275 -0.0930101079554
24.4 6.17601 -0.0768262097968
24.5 13.2205 -0.0606878234532
24.6 10.5149 -0.0813304664886
24.7 7.32212 -0.13028309745
24.8 5.94419 -0.150671569821
24.9 7.80416 -0.112893465125
25 13.3058 -0.0382118654274
