2.45
-31.00
28.63
3.41
1.51
1.49
-1.83
-27.29
4.24
32.40
-2.68
54.23
-58.41
-1.12
-1.66
-0.35
1.26
1.13
-3.71
69.25
9.93
-1.11
68.53
-5.19
26.83
-15.87
10.25
-53.28
-3.93
78.28
-12.77
57.77
15.11
58.39
-5.04
-62.74
1.82
-102.52
4.46
6.61
106.38
4.29
-8.14
-4.42
-12.68
8.23
3.71
4.50
-3.64
9.03
-8.76
3.32
-5.47
120.52
125.47
114.83
9.83
56.96
9.81
6.86
-3.43
-56.72
-8.20
4.20
1.76
3.56
1.01
-0.07
1.91
-2.67
-1.09
-5.25
-2.45
-42.33
90.36
-3.30
16.36
101.59
103.77
0.42
-0.16
-87.64
-9.84
12.76
-146.11
-8.23
-138.01
-11.73
-124.55
-0.82
0.35
54.09
52.45
109.81
-34.14
-0.34
-13.60
10.73
19.09
9.00
0.52
126.14
-98.55
-98.43
-5.75
-41.12
4.55
0.55
36.96
35.16
-45.55
-0.63
-45.58
47.09
-2.39
49.67
5.22
-139.33
44.00
-6.09
-5.93
0.66
4.83
5.40
-4.70
6.42
2.23
4.23
-8.81
36.24
32.24
11.10
-29.01
-131.11
-130.34
0.74
-73.54
-73.50
-3.78
3.91
0.67
21.21
18.03
-3.67
6.63
2.91
7.47
23.87
-95.45
95.25
-15.08
-7.17
1.14
-90.46
-98.66
-3.74
-3.87
-4.23
4.60
4.10
-98.04
0.42
-90.15
0.77
