0	-1736.56	0.501633
2	-1646.51	0.516544
4	-1722.81	0.587211
6	-1912.98	0.717424
8	-1961.4	0.913709
10	-1979.82	1.16548
12	-2121.76	1.44518
14	-2131.93	1.73152
16	-2100.28	2.00466
18	-2238.35	2.27299
20	-2121.42	2.54662
22	-2290.31	2.83593
24	-2540.33	3.13942
26	-2625.25	3.46071
28	-2577.2	3.80046
30	-2491.9	4.14853
32	-2274.13	4.48513
34	-2063.3	4.79382
36	-2175.04	5.06117
38	-2390.15	5.2722
40	-2432.68	5.45416
42	-2390.09	5.63333
44	-2431.29	5.82797
46	-2438.49	6.05688
48	-2491.48	6.31697
50	-2527.78	6.59277
52	-2419	6.87556
54	-2350.52	7.16461
56	-2415.92	7.44738
58	-2421.21	7.72575
60	-2392.64	7.99948
62	-2302.38	8.27117
64	-2415.12	8.5429
66	-2326	8.82163
68	-2379.78	9.10924
70	-2278.25	9.39535
72	-2313.33	9.6657
74	-2295.76	9.90967
76	-2352.06	10.1304
78	-2527.86	10.3348
80	-2499.09	10.5209
82	-2334.49	10.6904
84	-2498.1	10.8482
86	-2433.31	11.0012
88	-2496.91	11.1592
90	-2642.45	11.3284
92	-2523.2	11.5071
94	-2656.16	11.6939
96	-2883.84	11.8827
98	-2773.65	12.0804
100	-2534.55	12.2952
102	-2450.07	12.5345
104	-2348.6	12.7958
106	-2523.94	13.0763
108	-2897.37	13.3518
110	-3020.17	13.6161
112	-2839.65	13.8625
114	-2884.74	14.0756
116	-2901.88	14.27
118	-2923.33	14.4485
120	-3029.44	14.6186
122	-2896.95	14.786
124	-2696.15	14.9499
126	-2664.91	15.1111
128	-2899.81	15.276
130	-3012.68	15.4504
132	-3199.36	15.6431
134	-3304.44	15.8634
136	-3217.18	16.1066
138	-3000.65	16.3646
140	-2858.4	16.6177
142	-2970.25	16.8563
144	-3099.24	17.0805
146	-3023.53	17.2965
148	-2881.32	17.5032
150	-2702.71	17.7026
152	-2719.94	17.8932
154	-2900.97	18.082
156	-3098.58	18.2666
158	-3373.65	18.4462
160	-3424.36	18.6245
162	-3462.19	18.8057
164	-3515.58	18.9967
166	-3556.48	19.1993
168	-3568.38	19.4093
170	-3407.45	19.6203
172	-3045.39	19.8238
174	-3106.33	20.0178
176	-2782.63	20.2018
178	-3021.19	20.3823
180	-2999.37	20.5626
182	-3258.15	20.745
184	-3264.28	20.9237
186	-3261.32	21.0954
188	-3233.9	21.2549
190	-3354.36	21.4021
192	-3344.51	21.5433
194	-3365.02	21.6794
196	-3250.37	21.8092
198	-3207.4	21.9355
200	-3316.97	22.0623
202	-3380.53	22.1937
204	-3273.85	22.3345
206	-3142.96	22.4818
208	-3089	22.6365
210	-3166.79	22.8
212	-3457.88	22.9718
214	-3533.64	23.1456
216	-3536.46	23.3132
218	-3533.77	23.4713
220	-3310.27	23.6175
222	-3211.49	23.7557
224	-3285.03	23.8901
226	-3348.47	24.0247
228	-3381.98	24.1632
230	-3369.98	24.31
232	-3478.72	24.4632
234	-3497.46	24.6181
236	-3594.09	24.7735
238	-3666.18	24.9281
240	-3685.45	25.0814
242	-3687.48	25.2335
244	-3705.65	25.3842
246	-3713.97	25.5354
248	-3726.16	25.6869
250	-3714.5	25.8377
252	-3682.49	25.9898
254	-3398.57	26.1417
256	-3512.41	26.2944
258	-3593.13	26.4473
260	-3616.93	26.5993
262	-3646.71	26.749
264	-3658.97	26.8987
266	-3650.86	27.0489
268	-3587.25	27.1994
270	-3722.53	27.3519
272	-3835.88	27.506
274	-3875.14	27.6614
276	-3917.52	27.8156
278	-3920.48	27.9692
280	-3937.3	28.121
282	-3938.93	28.2707
284	-3943.82	28.4197
286	-3942.79	28.5683
288	-3948.49	28.7139
290	-3946.43	28.8516
292	-3623.75	28.9849
294	-3326.5	29.1169
296	-3523.64	29.25
298	-3801.95	29.3855
300	-3894.82	29.5232
302	-4171.53	29.6643
304	-4239.47	29.8124
306	-4245.58	29.967
308	-4250.78	30.1325
310	-4248.34	30.3142
312	-4235.74	30.504
314	-4106.45	30.6895
316	-3632.45	30.8603
318	-3478.63	31.0076
320	-3446.55	31.1388
322	-3472.05	31.2802
324	-3473.18	31.4412
326	-3557.86	31.615
328	-3666.88	31.7666
330	-3729.34	31.8808
332	-3847	31.9632
334	-3896.65	32.0273
336	-3855.46	32.0973
338	-3843.72	32.2053
340	-3835.48	32.3489
342	-3955.63	32.5252
344	-4069.54	32.7317
346	-4124.82	32.9577
348	-3958.19	33.1983
350	-3774.73	33.4607
352	-3602.78	33.7369
354	-3577.85	34.0148
356	-3504.44	34.2911
358	-3469.25	34.565
360	-3532.2	34.8282
362	-3576.18	35.0782
364	-3538.77	35.3037
366	-3536.99	35.4924
368	-3683.3	35.6324
370	-3663.74	35.7193
372	-3673.74	35.7746
374	-3680.96	35.8099
376	-3673.28	35.8344
378	-3738.92	35.8165
380	-3708.37	35.7827
382	-3669.42	35.8034
384	-3912.15	35.9346
386	-3919.86	36.2526
388	-3913.97	36.7666
390	-3915.78	37.3561
392	-3892.41	37.9388
394	-3864.39	38.442
396	-3896.75	38.8517
398	-3997.42	39.2194
400	-4203.08	39.5768
402	-4202.87	39.9392
404	-4206.87	40.3017
406	-4164.75	40.6574
408	-3958.5	40.9755
410	-3604.45	41.1467
412	-3755.16	41.2795
414	-3748.84	41.4285
416	-3739.15	41.6207
418	-3747.81	41.8338
420	-3702.58	42.0624
422	-3702.3	42.2825
424	-3863.86	42.4955
426	-3908.32	42.6981
428	-3916.62	42.9118
430	-3897.13	43.1303
432	-3826.78	43.3621
434	-3713.35	43.6089
436	-3790.52	43.8293
438	-3639.43	44.0772
440	-3691.66	44.3233
442	-3588.31	44.5283
444	-3678.07	44.6477
446	-3770.22	44.6906
448	-3908.32	44.7115
450	-4198.28	44.7749
452	-4363.01	44.9513
454	-4344.84	45.2327
456	-4054.8	45.5824
458	-4099.21	45.9399
460	-3911.75	46.2605
462	-3943.59	46.5371
464	-4182.31	46.801
466	-4091	47.0893
468	-3898.78	47.4251
470	-3880.91	47.7755
472	-3935.87	48.1486
474	-3957.07	48.5257
476	-3837.76	48.9123
478	-3691.81	49.2914
480	-3813.77	49.6624
482	-4016.98	50.024
484	-4017.78	50.3675
486	-4048.92	50.6938
488	-4020.91	50.9978
490	-3987.42	51.2871
492	-3933.63	51.5529
494	-3863.74	51.8018
496	-3832.11	52.0262
498	-3866.21	52.2278
500	-3953.84	52.3872
502	-3875.91	52.5305
504	-3993.22	52.6612
506	-3772.96	52.7792
508	-3589.09	52.8835
510	-3658.06	52.976
512	-3820.12	53.0579
514	-4020.09	53.1287
516	-4100.98	53.1897
518	-4092.23	53.2413
520	-4108.46	53.2855
522	-4128.05	53.3272
524	-4117.9	53.3703
526	-4094.22	53.4149
528	-4058.83	53.4618
530	-4017.19	53.5082
532	-3984.18	53.5519
534	-3949.97	53.5941
536	-3902.74	53.6337
538	-3850.92	53.6717
540	-3855.12	53.7117
542	-3920.97	53.7557
544	-4020.26	53.8051
546	-4069.07	53.8632
548	-4067.23	53.929
550	-4208.49	54.001
552	-4254.91	54.0766
554	-4303.08	54.1502
556	-4262.44	54.2209
558	-4244.56	54.2895
560	-4242.38	54.3582
562	-4326.86	54.4293
564	-4397.05	54.5017
566	-4571.91	54.5749
568	-4650.29	54.6498
570	-4694.88	54.7256
572	-4716.29	54.8034
574	-4745.15	54.8823
576	-4773.5	54.9621
578	-4830.6	55.0419
580	-4842.63	55.121
582	-4852.08	55.2
584	-4857.41	55.2789
586	-4871.12	55.3575
588	-4879.09	55.4343
590	-4889.72	55.5088
592	-4899.31	55.5781
594	-4896.4	55.6455
596	-4889.63	55.7172
598	-4878.22	55.7979
600	-4832.51	55.8901
602	-4742.9	55.9914
604	-4765.08	56.1003
606	-4778.68	56.2168
608	-4824.93	56.339
610	-4826.86	56.4702
612	-4807.13	56.6076
614	-4732.7	56.7467
616	-4616.08	56.8853
618	-4507.03	57.021
620	-4570.43	57.1565
622	-4536.5	57.2927
624	-4561.52	57.4289
626	-4611.89	57.566
628	-4630.3	57.7045
630	-4636.43	57.8432
632	-4620.15	57.9827
634	-4688.67	58.1247
636	-4762.45	58.267
638	-4795.53	58.4098
640	-4775.74	58.5518
642	-4821.28	58.694
644	-4741.97	58.8362
646	-4653.92	58.9784
648	-4520.68	59.1203
650	-4502.87	59.2623
652	-4491.27	59.4039
654	-4495.93	59.5459
656	-4717.82	59.6886
658	-4690.2	59.8321
660	-4724.27	59.9783
662	-4763.42	60.125
664	-4729.97	60.2719
666	-4751.26	60.4181
668	-4933.91	60.5635
670	-4976.27	60.6377
672	-5027.29	60.6936
674	-5050.7	60.8365
676	-4982.05	60.9801
678	-4597.35	61.1229
680	-4669.14	61.2654
682	-4778.64	61.4088
684	-4699.86	61.5532
686	-4572.37	61.6995
688	-4615.6	61.8473
690	-4818.86	61.9963
692	-5212.93	62.1447
694	-5326.14	62.2918
696	-5168.57	62.4374
698	-5225.37	62.5815
700	-5260.18	62.7261
702	-5241.32	62.8705
704	-5224.33	63.0163
706	-5153.74	63.1637
708	-5108.57	63.312
710	-5076.39	63.4611
712	-4951.83	63.6092
714	-4893.94	63.7555
716	-4957.75	63.8995
718	-4970.45	64.0439
720	-4949.54	64.1916
722	-4969.68	64.348
724	-4987.57	64.5145
726	-5005.77	64.6908
728	-4948.39	64.8736
730	-4649.31	65.0597
732	-4665.43	65.2517
734	-4922.67	65.4523
736	-4971.56	65.6616
738	-4919.71	65.8734
740	-4946.38	66.0823
742	-4919.44	66.2829
744	-4872.63	66.4768
746	-4860.61	66.6662
748	-4789.75	66.8594
750	-4737.75	67.0586
752	-4741.45	67.2605
754	-4955.74	67.4623
756	-5105.87	67.6629
758	-5178.97	67.8616
760	-5177.51	68.0585
762	-5239.33	68.2538
764	-5285.83	68.4566
766	-5280.19	68.6655
768	-5153.11	68.882
770	-5430.46	69.1006
772	-5478.7	69.3246
774	-5085.2	69.5505
776	-5016.05	69.7802
778	-4976	70.0123
780	-5007.01	70.2468
782	-4952.07	70.4863
784	-4921.63	70.7322
786	-4924.16	70.9831
788	-4877.39	71.2319
790	-4869.09	71.4767
792	-4891.69	71.7165
794	-4888.78	71.9538
796	-4963.59	72.1934
798	-4980.37	72.4333
800	-5103.06	72.6687
802	-5126.56	72.8929
804	-5109.86	73.0963
806	-5150.96	73.2854
808	-5206.65	73.4635
810	-5229.91	73.6293
812	-5267.8	73.7826
814	-5178.34	73.932
816	-5106.3	74.0738
818	-5087.36	74.2112
820	-4915.22	74.3483
822	-4866.7	74.4865
824	-4849.87	74.6239
826	-4892.13	74.7619
828	-5092.41	74.8998
830	-4841.71	75.0393
832	-5225.08	75.1804
834	-5314.62	75.3242
836	-5336.78	75.4679
838	-5339.48	75.6119
840	-5254.38	75.755
842	-5132.03	75.8973
844	-4946.93	76.0404
846	-4974.49	76.1855
848	-4975.43	76.3328
850	-4974.06	76.4821
852	-4973.7	76.6319
854	-4933.33	76.7819
856	-4929.48	76.933
858	-4920.1	77.084
860	-4904.12	77.2371
862	-4964.64	77.3915
864	-4994	77.5453
866	-5013.32	77.6969
868	-5002.82	77.8463
870	-5067.36	77.9923
872	-5130.46	78.1361
874	-5094.5	78.2806
876	-5137.82	78.4267
878	-5148.86	78.5745
880	-5171.54	78.7241
882	-5226.52	78.8731
884	-5203.95	79.0203
886	-5224.74	79.1647
888	-5359.84	79.308
890	-5388.88	79.4508
892	-5076.99	79.5939
894	-4963.97	79.7369
896	-4941.3	79.8805
898	-4619.99	80.0242
900	-4826.57	80.1682
902	-4917.06	80.3125
904	-4971.56	80.4562
906	-4946.72	80.5986
908	-4926.64	80.7412
910	-4885.13	80.8836
912	-4969.8	81.0266
914	-5100.34	81.1709
916	-5069.18	81.3152
918	-5053.94	81.4604
920	-5107.47	81.6059
922	-5129.79	81.7509
924	-5150.86	81.8967
926	-5401.81	82.042
928	-5354.25	82.1876
930	-5289.11	82.3316
932	-5436.56	82.4743
934	-5473.92	82.6181
936	-5539.29	82.762
938	-5554.31	82.9019
940	-5565.22	83.0367
942	-5568.44	83.1663
944	-5569.06	83.2917
946	-5564.6	83.4142
948	-5487.87	83.5351
950	-5471.68	83.656
952	-5411.42	83.776
954	-5178.06	83.896
956	-5223.79	84.0156
958	-5313.13	84.1344
960	-5277.28	84.2524
962	-5234.4	84.3684
964	-5163.28	84.4844
966	-5313.24	84.6011
968	-5061.22	84.7184
970	-5200.02	84.8364
972	-5286.13	84.9554
974	-5312.97	85.0733
976	-5312.69	85.1894
978	-5311.79	85.3041
980	-5000.58	85.4169
982	-5051.62	85.5296
984	-5245.79	85.6421
986	-5320.25	85.754
988	-5324.13	85.8654
990	-5278.5	85.9765
992	-5299.69	86.0887
994	-5312.8	86.203
996	-5281.91	86.3169
998	-5142.3	86.4302
1000	-5219.85	86.5431
1002	-5213.08	86.6548
1004	-5234.35	86.7669
1006	-5326.45	86.8784
1008	-5326.14	86.9889
1010	-5338.15	87.0984
1012	-5340.29	87.2057
1014	-5320.49	87.3116
1016	-5335.61	87.4152
1018	-5320.58	87.5181
1020	-5295.66	87.6232
1022	-5252.42	87.7323
1024	-5138.1	87.8481
1026	-5087.28	87.9668
1028	-5049.57	88.0876
1030	-4942.52	88.2054
1032	-4872.88	88.3217
1034	-5042.05	88.4382
1036	-5179.14	88.5522
1038	-5308	88.6616
1040	-5288.68	88.7669
1042	-5291.6	88.8736
1044	-5322	88.98
1046	-5322	89.0825
1048	-5321.98	89.179
1050	-5321	89.2683
1052	-5321	89.3571
1054	-5320.98	89.4487
1056	-5206.94	89.5468
1058	-5074.64	89.6485
1060	-5025.01	89.7561
1062	-5193.46	89.8664
1064	-5340.95	89.9737
1066	-5320.33	90.0731
1068	-5304.63	90.1544
1070	-5261.33	90.2169
1072	-5309.13	90.267
1074	-5326.72	90.3135
1076	-5275.53	90.3687
1078	-5264.78	90.4304
1080	-5213.14	90.4968
1082	-5278.16	90.5679
1084	-5322.05	90.6444
1086	-5279.29	90.7219
1088	-5302.61	90.7937
1090	-5312.1	90.8669
1092	-5306.45	90.9467
