1958.2080	315.71	315.71
1958.2920	317.45	317.45
1958.3750	317.50	317.50
1958.4580	-99.99	317.10
1958.5420	315.86	315.86
1958.6250	314.93	314.93
1958.7080	313.20	313.20
1958.7920	-99.99	312.66
1958.8750	313.33	313.33
1958.9580	314.67	314.67
1959.0420	315.62	315.62
1959.1250	316.38	316.38
1959.2080	316.71	316.71
1959.2920	317.72	317.72
1959.3750	318.29	318.29
1959.4580	318.15	318.15
1959.5420	316.54	316.54
1959.6250	314.80	314.80
1959.7080	313.84	313.84
1959.7920	313.26	313.26
1959.8750	314.80	314.80
1959.9580	315.58	315.58
1960.0420	316.43	316.43
1960.1250	316.97	316.97
1960.2080	317.58	317.58
1960.2920	319.02	319.02
1960.3750	320.03	320.03
1960.4580	319.59	319.59
1960.5420	318.18	318.18
1960.6250	315.91	315.91
1960.7080	314.16	314.16
1960.7920	313.83	313.83
1960.8750	315.00	315.00
1960.9580	316.19	316.19
1961.0420	316.93	316.93
1961.1250	317.70	317.70
1961.2080	318.54	318.54
1961.2920	319.48	319.48
1961.3750	320.58	320.58
1961.4580	319.77	319.77
1961.5420	318.57	318.57
1961.6250	316.79	316.79
1961.7080	314.80	314.80
1961.7920	315.38	315.38
1961.8750	316.10	316.10
1961.9580	317.01	317.01
1962.0420	317.94	317.94
1962.1250	318.56	318.56
1962.2080	319.68	319.68
1962.2920	320.63	320.63
1962.3750	321.01	321.01
1962.4580	320.55	320.55
1962.5420	319.58	319.58
1962.6250	317.40	317.40
1962.7080	316.26	316.26
1962.7920	315.42	315.42
1962.8750	316.69	316.69
1962.9580	317.69	317.69
1963.0420	318.74	318.74
1963.1250	319.08	319.08
1963.2080	319.86	319.86
1963.2920	321.39	321.39
1963.3750	322.25	322.25
1963.4580	321.47	321.47
1963.5420	319.74	319.74
1963.6250	317.77	317.77
1963.7080	316.21	316.21
1963.7920	315.99	315.99
1963.8750	317.12	317.12
1963.9580	318.31	318.31
1964.0420	319.57	319.57
1964.1250	-99.99	320.07
1964.2080	-99.99	320.73
1964.2920	-99.99	321.77
1964.3750	322.25	322.25
1964.4580	321.89	321.89
1964.5420	320.44	320.44
1964.6250	318.70	318.70
1964.7080	316.70	316.70
1964.7920	316.79	316.79
1964.8750	317.79	317.79
1964.9580	318.71	318.71
1965.0420	319.44	319.44
1965.1250	320.44	320.44
1965.2080	320.89	320.89
1965.2920	322.13	322.13
1965.3750	322.16	322.16
1965.4580	321.87	321.87
1965.5420	321.39	321.39
1965.6250	318.81	318.81
1965.7080	317.81	317.81
1965.7920	317.30	317.30
1965.8750	318.87	318.87
1965.9580	319.42	319.42
1966.0420	320.62	320.62
1966.1250	321.59	321.59
1966.2080	322.39	322.39
1966.2920	323.87	323.87
1966.3750	324.01	324.01
1966.4580	323.75	323.75
1966.5420	322.39	322.39
1966.6250	320.37	320.37
1966.7080	318.64	318.64
1966.7920	318.10	318.10
1966.8750	319.79	319.79
1966.9580	321.08	321.08
1967.0420	322.07	322.07
1967.1250	322.50	322.50
1967.2080	323.04	323.04
1967.2920	324.42	324.42
1967.3750	325.00	325.00
1967.4580	324.09	324.09
1967.5420	322.55	322.55
1967.6250	320.92	320.92
1967.7080	319.31	319.31
1967.7920	319.31	319.31
1967.8750	320.72	320.72
1967.9580	321.96	321.96
1968.0420	322.57	322.57
1968.1250	323.15	323.15
1968.2080	323.89	323.89
1968.2920	325.02	325.02
1968.3750	325.57	325.57
1968.4580	325.36	325.36
1968.5420	324.14	324.14
1968.6250	322.03	322.03
1968.7080	320.41	320.41
1968.7920	320.25	320.25
1968.8750	321.31	321.31
1968.9580	322.84	322.84
1969.0420	324.00	324.00
1969.1250	324.42	324.42
1969.2080	325.64	325.64
1969.2920	326.66	326.66
1969.3750	327.34	327.34
1969.4580	326.76	326.76
1969.5420	325.88	325.88
1969.6250	323.67	323.67
1969.7080	322.38	322.38
1969.7920	321.78	321.78
1969.8750	322.85	322.85
1969.9580	324.11	324.11
1970.0420	325.03	325.03
1970.1250	325.99	325.99
1970.2080	326.87	326.87
1970.2920	328.13	328.13
1970.3750	328.07	328.07
1970.4580	327.66	327.66
1970.5420	326.35	326.35
1970.6250	324.69	324.69
1970.7080	323.10	323.10
1970.7920	323.16	323.16
1970.8750	323.98	323.98
1970.9580	325.13	325.13
1971.0420	326.17	326.17
1971.1250	326.68	326.68
1971.2080	327.18	327.18
1971.2920	327.78	327.78
1971.3750	328.92	328.92
1971.4580	328.57	328.57
1971.5420	327.34	327.34
1971.6250	325.46	325.46
1971.7080	323.36	323.36
1971.7920	323.57	323.57
1971.8750	324.80	324.80
1971.9580	326.01	326.01
1972.0420	326.77	326.77
1972.1250	327.63	327.63
1972.2080	327.75	327.75
1972.2920	329.72	329.72
1972.3750	330.07	330.07
1972.4580	329.09	329.09
1972.5420	328.05	328.05
1972.6250	326.32	326.32
1972.7080	324.93	324.93
1972.7920	325.06	325.06
1972.8750	326.50	326.50
1972.9580	327.55	327.55
1973.0420	328.54	328.54
1973.1250	329.56	329.56
1973.2080	330.30	330.30
1973.2920	331.50	331.50
1973.3750	332.48	332.48
1973.4580	332.07	332.07
1973.5420	330.87	330.87
1973.6250	329.31	329.31
1973.7080	327.51	327.51
1973.7920	327.18	327.18
1973.8750	328.16	328.16
1973.9580	328.64	328.64
1974.0420	329.35	329.35
1974.1250	330.71	330.71
1974.2080	331.48	331.48
1974.2920	332.65	332.65
1974.3750	333.19	333.19
1974.4580	332.12	332.12
1974.5420	330.99	330.99
1974.6250	329.17	329.17
1974.7080	327.41	327.41
1974.7920	327.21	327.21
1974.8750	328.34	328.34
1974.9580	329.50	329.50
1975.0420	330.68	330.68
1975.1250	331.41	331.41
1975.2080	331.85	331.85
1975.2920	333.29	333.29
1975.3750	333.91	333.91
1975.4580	333.40	333.40
1975.5420	331.74	331.74
1975.6250	329.88	329.88
1975.7080	328.57	328.57
1975.7920	328.36	328.36
1975.8750	329.33	329.33
1975.9580	-99.99	330.59
1976.0420	331.66	331.66
1976.1250	332.75	332.75
1976.2080	333.46	333.46
1976.2920	334.78	334.78
1976.3750	334.78	334.78
1976.4580	334.06	334.06
1976.5420	332.95	332.95
1976.6250	330.64	330.64
1976.7080	328.96	328.96
1976.7920	328.77	328.77
1976.8750	330.18	330.18
1976.9580	331.65	331.65
1977.0420	332.69	332.69
1977.1250	333.23	333.23
1977.2080	334.97	334.97
1977.2920	336.03	336.03
1977.3750	336.82	336.82
1977.4580	336.10	336.10
1977.5420	334.79	334.79
1977.6250	332.53	332.53
1977.7080	331.19	331.19
1977.7920	331.21	331.21
1977.8750	332.35	332.35
1977.9580	333.47	333.47
1978.0420	335.10	335.10
1978.1250	335.26	335.26
1978.2080	336.61	336.61
1978.2920	337.77	337.77
1978.3750	338.01	338.01
1978.4580	337.98	337.98
1978.5420	336.48	336.48
1978.6250	334.37	334.37
1978.7080	332.33	332.33
1978.7920	332.41	332.41
1978.8750	333.76	333.76
1978.9580	334.83	334.83
1979.0420	336.21	336.21
1979.1250	336.65	336.65
1979.2080	338.13	338.13
1979.2920	338.94	338.94
1979.3750	339.00	339.00
1979.4580	339.20	339.20
1979.5420	337.60	337.60
1979.6250	335.56	335.56
1979.7080	333.93	333.93
1979.7920	334.12	334.12
1979.8750	335.26	335.26
1979.9580	336.78	336.78
1980.0420	337.80	337.80
1980.1250	338.28	338.28
1980.2080	340.04	340.04
1980.2920	340.86	340.86
1980.3750	341.47	341.47
1980.4580	341.26	341.26
1980.5420	339.34	339.34
1980.6250	337.45	337.45
1980.7080	336.10	336.10
1980.7920	336.05	336.05
1980.8750	337.21	337.21
1980.9580	338.29	338.29
1981.0420	339.36	339.36
1981.1250	340.51	340.51
1981.2080	341.57	341.57
1981.2920	342.56	342.56
1981.3750	343.01	343.01
1981.4580	342.49	342.49
1981.5420	340.68	340.68
1981.6250	338.49	338.49
1981.7080	336.92	336.92
1981.7920	337.12	337.12
1981.8750	338.59	338.59
1981.9580	339.90	339.90
1982.0420	340.92	340.92
1982.1250	341.69	341.69
1982.2080	342.85	342.85
1982.2920	343.92	343.92
1982.3750	344.67	344.67
1982.4580	343.78	343.78
1982.5420	342.23	342.23
1982.6250	340.11	340.11
1982.7080	338.32	338.32
1982.7920	338.39	338.39
1982.8750	339.48	339.48
1982.9580	340.88	340.88
1983.0420	341.64	341.64
1983.1250	342.87	342.87
1983.2080	343.59	343.59
1983.2920	345.25	345.25
1983.3750	345.96	345.96
1983.4580	345.52	345.52
1983.5420	344.15	344.15
1983.6250	342.25	342.25
1983.7080	340.17	340.17
1983.7920	340.30	340.30
1983.8750	341.53	341.53
1983.9580	343.07	343.07
1984.0420	344.05	344.05
1984.1250	344.77	344.77
1984.2080	345.46	345.46
1984.2920	-99.99	346.77
1984.3750	347.55	347.55
1984.4580	346.98	346.98
1984.5420	345.55	345.55
1984.6250	343.20	343.20
1984.7080	341.35	341.35
1984.7920	341.68	341.68
1984.8750	343.06	343.06
1984.9580	344.54	344.54
1985.0420	345.25	345.25
1985.1250	346.06	346.06
1985.2080	347.66	347.66
1985.2920	348.20	348.20
1985.3750	348.92	348.92
1985.4580	348.40	348.40
1985.5420	346.66	346.66
1985.6250	344.85	344.85
1985.7080	343.20	343.20
1985.7920	343.08	343.08
1985.8750	344.40	344.40
1985.9580	345.82	345.82
1986.0420	346.54	346.54
1986.1250	347.13	347.13
1986.2080	348.05	348.05
1986.2920	349.77	349.77
1986.3750	350.53	350.53
1986.4580	349.90	349.90
1986.5420	348.11	348.11
1986.6250	346.09	346.09
1986.7080	345.01	345.01
1986.7920	344.47	344.47
1986.8750	345.86	345.86
1986.9580	347.15	347.15
1987.0420	348.38	348.38
1987.1250	348.70	348.70
1987.2080	349.72	349.72
1987.2920	351.32	351.32
1987.3750	352.14	352.14
1987.4580	351.61	351.61
1987.5420	349.91	349.91
1987.6250	347.84	347.84
1987.7080	346.52	346.52
1987.7920	346.65	346.65
1987.8750	347.96	347.96
1987.9580	349.18	349.18
1988.0420	350.38	350.38
1988.1250	351.68	351.68
1988.2080	352.24	352.24
1988.2920	353.66	353.66
1988.3750	354.18	354.18
1988.4580	353.68	353.68
1988.5420	352.58	352.58
1988.6250	350.66	350.66
1988.7080	349.03	349.03
1988.7920	349.08	349.08
1988.8750	350.15	350.15
1988.9580	351.44	351.44
1989.0420	352.89	352.89
1989.1250	353.24	353.24
1989.2080	353.80	353.80
1989.2920	355.59	355.59
1989.3750	355.89	355.89
1989.4580	355.30	355.30
1989.5420	353.98	353.98
1989.6250	351.53	351.53
1989.7080	350.02	350.02
1989.7920	350.29	350.29
1989.8750	351.44	351.44
1989.9580	352.84	352.84
1990.0420	353.79	353.79
1990.1250	354.88	354.88
1990.2080	355.65	355.65
1990.2920	356.27	356.27
1990.3750	357.29	357.29
1990.4580	356.32	356.32
1990.5420	354.88	354.88
1990.6250	352.89	352.89
1990.7080	351.28	351.28
1990.7920	351.59	351.59
1990.8750	353.05	353.05
1990.9580	354.27	354.27
1991.0420	354.87	354.87
1991.1250	355.68	355.68
1991.2080	357.06	357.06
1991.2920	358.51	358.51
1991.3750	359.09	359.09
1991.4580	358.10	358.10
1991.5420	356.12	356.12
1991.6250	353.89	353.89
1991.7080	352.30	352.30
1991.7920	352.32	352.32
1991.8750	353.79	353.79
1991.9580	355.07	355.07
1992.0420	356.17	356.17
1992.1250	356.93	356.93
1992.2080	357.82	357.82
1992.2920	359.00	359.00
1992.3750	359.55	359.55
1992.4580	359.32	359.32
1992.5420	356.85	356.85
1992.6250	354.91	354.91
1992.7080	352.93	352.93
1992.7920	353.31	353.31
1992.8750	354.27	354.27
1992.9580	355.53	355.53
1993.0420	356.86	356.86
1993.1250	357.27	357.27
1993.2080	358.36	358.36
1993.2920	359.27	359.27
1993.3750	360.19	360.19
1993.4580	359.52	359.52
1993.5420	357.42	357.42
1993.6250	355.46	355.46
1993.7080	354.10	354.10
1993.7920	354.12	354.12
1993.8750	355.40	355.40
1993.9580	356.84	356.84
1994.0420	358.22	358.22
1994.1250	358.98	358.98
1994.2080	359.91	359.91
1994.2920	361.32	361.32
1994.3750	361.68	361.68
1994.4580	360.80	360.80
1994.5420	359.39	359.39
1994.6250	357.42	357.42
1994.7080	355.63	355.63
1994.7920	356.09	356.09
1994.8750	357.56	357.56
1994.9580	358.87	358.87
1995.0420	359.87	359.87
1995.1250	360.79	360.79
1995.2080	361.77	361.77
1995.2920	363.23	363.23
1995.3750	363.77	363.77
1995.4580	363.22	363.22
1995.5420	361.70	361.70
1995.6250	359.11	359.11
1995.7080	358.11	358.11
1995.7920	357.97	357.97
1995.8750	359.40	359.40
1995.9580	360.61	360.61
1996.0420	362.04	362.04
1996.1250	363.17	363.17
1996.2080	364.17	364.17
1996.2920	364.51	364.51
1996.3750	365.16	365.16
1996.4580	364.93	364.93
1996.5420	363.53	363.53
1996.6250	361.38	361.38
1996.7080	359.60	359.60
1996.7920	359.54	359.54
1996.8750	360.84	360.84
1996.9580	362.18	362.18
1997.0420	363.04	363.04
1997.1250	364.09	364.09
1997.2080	364.47	364.47
1997.2920	366.25	366.25
1997.3750	366.69	366.69
1997.4580	365.59	365.59
1997.5420	364.34	364.34
1997.6250	362.20	362.20
1997.7080	360.31	360.31
1997.7920	360.71	360.71
1997.8750	362.44	362.44
1997.9580	364.33	364.33
1998.0420	365.18	365.18
1998.1250	365.98	365.98
1998.2080	367.13	367.13
1998.2920	368.61	368.61
1998.3750	369.49	369.49
1998.4580	368.95	368.95
1998.5420	367.74	367.74
1998.6250	365.79	365.79
1998.7080	364.01	364.01
1998.7920	364.35	364.35
1998.8750	365.52	365.52
1998.9580	367.08	367.08
1999.0420	368.12	368.12
1999.1250	368.98	368.98
1999.2080	369.60	369.60
1999.2920	370.96	370.96
1999.3750	370.77	370.77
1999.4580	370.33	370.33
1999.5420	369.28	369.28
1999.6250	366.86	366.86
1999.7080	364.94	364.94
1999.7920	365.35	365.35
1999.8750	366.68	366.68
1999.9580	368.04	368.04
2000.0420	369.25	369.25
2000.1250	369.50	369.50
2000.2080	370.56	370.56
2000.2920	371.82	371.82
2000.3750	371.51	371.51
2000.4580	371.71	371.71
2000.5420	369.85	369.85
2000.6250	368.20	368.20
2000.7080	366.91	366.91
2000.7920	366.99	366.99
2000.8750	368.33	368.33
2000.9580	369.67	369.67
2001.0420	370.52	370.52
2001.1250	371.49	371.49
2001.2080	372.53	372.53
2001.2920	373.37	373.37
2001.3750	373.82	373.82
2001.4580	373.18	373.18
2001.5420	371.57	371.57
2001.6250	369.63	369.63
2001.7080	368.16	368.16
2001.7920	368.42	368.42
2001.8750	369.69	369.69
2001.9580	371.18	371.18
2002.0420	372.45	372.45
2002.1250	373.14	373.14
2002.2080	373.93	373.93
2002.2920	375.00	375.00
2002.3750	375.65	375.65
2002.4580	375.50	375.50
2002.5420	374.00	374.00
2002.6250	371.83	371.83
2002.7080	370.66	370.66
2002.7920	370.51	370.51
2002.8750	372.20	372.20
2002.9580	373.71	373.71
2003.0420	374.87	374.87
2003.1250	375.62	375.62
2003.2080	376.48	376.48
2003.2920	377.74	377.74
2003.3750	378.50	378.50
2003.4580	378.18	378.18
2003.5420	376.72	376.72
2003.6250	374.31	374.31
2003.7080	373.20	373.20
2003.7920	373.10	373.10
2003.8750	374.64	374.64
2003.9580	375.93	375.93
2004.0420	377.00	377.00
2004.1250	377.87	377.87
2004.2080	378.73	378.73
2004.2920	380.41	380.41
2004.3750	380.63	380.63
2004.4580	379.56	379.56
2004.5420	377.61	377.61
2004.6250	376.15	376.15
2004.7080	374.11	374.11
2004.7920	374.44	374.44
2004.8750	375.93	375.93
2004.9580	377.45	377.45
2005.0420	378.47	378.47
2005.1250	379.76	379.76
2005.2080	381.14	381.14
2005.2920	382.20	382.20
2005.3750	382.47	382.47
2005.4580	382.20	382.20
2005.5420	380.78	380.78
2005.6250	378.73	378.73
2005.7080	376.66	376.66
2005.7920	376.98	376.98
2005.8750	378.29	378.29
2005.9580	379.92	379.92
2006.0420	381.35	381.35
2006.1250	382.16	382.16
2006.2080	382.66	382.66
2006.2920	384.73	384.73
2006.3750	384.98	384.98
2006.4580	384.09	384.09
2006.5420	382.38	382.38
2006.6250	380.45	380.45
2006.7080	378.92	378.92
2006.7920	379.16	379.16
2006.8750	380.18	380.18
2006.9580	381.79	381.79
2007.0420	382.93	382.93
2007.1250	383.81	383.81
2007.2080	384.56	384.56
2007.2920	386.40	386.40
2007.3750	386.58	386.58
2007.4580	386.05	386.05
2007.5420	384.49	384.49
2007.6250	382.00	382.00
2007.7080	380.90	380.90
2007.7920	381.14	381.14
2007.8750	382.42	382.42
2007.9580	383.89	383.89
2008.0420	385.44	385.44
2008.1250	385.73	385.73
2008.2080	385.97	385.97
2008.2920	387.16	387.16
2008.3750	388.50	388.50
2008.4580	387.88	387.88
2008.5420	386.43	386.43
2008.6250	384.15	384.15
2008.7080	383.09	383.09
2008.7920	382.99	382.99
2008.8750	384.13	384.13
2008.9580	385.56	385.56
2009.0420	386.94	386.94
2009.1250	387.42	387.42
2009.2080	388.77	388.77
2009.2920	389.44	389.44
2009.3750	390.19	390.19
2009.4580	389.45	389.45
2009.5420	387.78	387.78
2009.6250	385.92	385.92
2009.7080	384.79	384.79
2009.7920	384.39	384.39
2009.8750	386.00	386.00
2009.9580	387.31	387.31
2010.0420	388.50	388.50
2010.1250	389.94	389.94
2010.2080	391.09	391.09
2010.2920	392.53	392.53
2010.3750	393.04	393.04
2010.4580	392.15	392.15
2010.5420	390.22	390.22
2010.6250	388.26	388.26
2010.7080	386.83	386.83
2010.7920	387.20	387.20
2010.8750	388.65	388.65
2010.9580	389.73	389.73
2011.0420	391.25	391.25
2011.125	391.82	391.82
2011.208	392.49	392.49
2011.292	393.34	393.34
2011.375	394.21	394.21
2011.458	393.72	393.72
2011.542	392.42	392.42
2011.625	390.19	390.19
2011.708	389.04	389.04
2011.792	388.96	388.96
2011.875	390.24	390.24
2011.958	391.83	391.83
2012.042	393.12	393.12
2012.125	393.60	393.60
2012.208	394.45	394.45
2012.292	396.18	396.18
2012.375	396.78	396.78
2012.458	395.83	395.83
2012.542	394.30	394.30
2012.625	392.41	392.41
2012.708	391.06	391.06
2012.792	391.01	391.01
2012.875	392.81	392.81
2012.958	394.28	394.28
2013.042	395.54	395.54
2013.125	396.80	396.80
2013.208	397.31	397.31
2013.292	398.35	398.35
2013.375	399.76	399.76
2013.458	398.58	398.58
2013.542	397.20	397.20
2013.625	395.15	395.15
2013.708	393.51	393.51
2013.792	393.66	393.66
2013.875	395.11	395.11
2013.958	396.81	396.81
2014.042	397.80	397.80
2014.125	397.91	397.91
2014.208	399.58	399.58
2014.292	401.29	401.29
2014.375	401.77	401.77
2014.458	401.15	401.15
2014.542	399.00	399.00
2014.625	397.01	397.01
2014.708	395.26	395.26
2014.792	395.93	395.93
2014.875	397.13	397.13
2014.958	398.78	398.78
2015.042	399.96	399.96
2015.125	400.26	400.26
2015.208	401.52	401.52
