  -2.4000000e+01
  -6.3200000e+02
  -1.7410000e+03
  -2.5120000e+03
  -2.8630000e+03
  -3.1700000e+03
  -3.3020000e+03
  -3.4250000e+03
  -3.4970000e+03
  -3.5310000e+03
  -3.5400000e+03
  -3.4990000e+03
  -3.4730000e+03
  -3.4490000e+03
  -3.4190000e+03
  -3.3510000e+03
  -3.2740000e+03
  -3.2390000e+03
  -3.3060000e+03
  -3.3740000e+03
  -3.5050000e+03
  -3.6280000e+03
  -3.7260000e+03
  -3.8160000e+03
  -3.8240000e+03
  -3.9110000e+03
  -3.9090000e+03
  -3.9790000e+03
  -4.1100000e+03
  -4.2190000e+03
  -4.3640000e+03
  -4.4520000e+03
  -4.5920000e+03
  -4.7300000e+03
  -4.8050000e+03
  -4.8370000e+03
  -4.8640000e+03
  -4.9280000e+03
  -4.7930000e+03
  -4.7390000e+03
  -4.6620000e+03
  -4.5980000e+03
  -4.6860000e+03
  -4.6430000e+03
  -4.7100000e+03
  -4.1740000e+03
  -4.7820000e+03
  -4.8700000e+03
  -5.2210000e+03
  -5.0440000e+03
  -5.1640000e+03
  -4.9830000e+03
  -5.0270000e+03
  -5.0290000e+03
  -5.1460000e+03
  -5.1480000e+03
  -5.3570000e+03
  -5.1060000e+03
  -4.9630000e+03
  -4.7410000e+03
  -4.9920000e+03
  -4.8000000e+03
  -4.6530000e+03
  -4.7820000e+03
  -5.0140000e+03
  -4.9410000e+03
  -4.8350000e+03
  -4.7320000e+03
  -4.8240000e+03
  -4.8660000e+03
  -4.7870000e+03
  -4.9260000e+03
  -4.7520000e+03
  -4.8620000e+03
  -4.7300000e+03
  -4.8390000e+03
  -4.8160000e+03
  -4.8110000e+03
  -4.7590000e+03
  -5.1750000e+03
  -4.9590000e+03
  -4.8700000e+03
  -4.7080000e+03
  -4.9160000e+03
  -4.6040000e+03
  -5.1440000e+03
  -5.5230000e+03
  -4.7210000e+03
  -4.5970000e+03
  -4.6700000e+03
  -4.8020000e+03
  -4.6550000e+03
  -4.8830000e+03
  -4.8200000e+03
  -4.8810000e+03
  -4.6660000e+03
  -4.7590000e+03
  -4.6910000e+03
  -4.6240000e+03
  -4.6820000e+03
  -4.7780000e+03
  -4.6970000e+03
  -4.6880000e+03
  -4.9060000e+03
  -4.9510000e+03
  -5.2270000e+03
  -5.5610000e+03
  -5.3280000e+03
  -5.2920000e+03
  -5.2310000e+03
  -5.2120000e+03
  -5.4680000e+03
  -5.4080000e+03
  -5.7560000e+03
  -5.3730000e+03
  -5.3630000e+03
  -5.2140000e+03
  -5.2620000e+03
  -5.2740000e+03
  -5.0970000e+03
  -5.3340000e+03
  -5.0000000e+03
  -5.4240000e+03
  -5.4140000e+03
  -5.1100000e+03
  -4.8240000e+03
  -5.1590000e+03
  -5.0710000e+03
  -5.3910000e+03
  -4.8450000e+03
  -5.0080000e+03
  -4.5610000e+03
  -4.6280000e+03
  -4.7920000e+03
  -4.4930000e+03
  -4.3300000e+03
  -4.1010000e+03
  -4.2290000e+03
  -3.8750000e+03
  -3.7130000e+03
  -5.1960000e+03
  -5.1920000e+03
  -3.6980000e+03
  -4.0800000e+03
  -3.7240000e+03
  -4.0800000e+03
  -4.0370000e+03
  -4.0180000e+03
  -4.0370000e+03
  -3.8820000e+03
  -3.6180000e+03
  -4.7870000e+03
  -4.1460000e+03
  -4.4680000e+03
  -4.2480000e+03
  -3.2100000e+03
  -3.5710000e+03
  -4.0620000e+03
  -4.0210000e+03
  -4.0340000e+03
  -4.0470000e+03
  -3.9840000e+03
  -4.0850000e+03
  -3.8140000e+03
  -3.7800000e+03
  -4.0030000e+03
  -4.0640000e+03
  -3.8810000e+03
  -3.1290000e+03
  -3.7750000e+03
  -4.0290000e+03
  -3.6960000e+03
  -3.9270000e+03
  -3.9300000e+03
  -3.9800000e+03
  -4.0640000e+03
  -4.0500000e+03
  -3.4660000e+03
  -5.1980000e+03
  -4.4720000e+03
  -4.2770000e+03
  -3.7820000e+03
  -4.3920000e+03
  -4.2570000e+03
  -4.4200000e+03
  -4.5470000e+03
  -4.6220000e+03
  -4.3820000e+03
  -4.4590000e+03
  -4.3720000e+03
  -4.4110000e+03
  -4.3540000e+03
  -2.2780000e+03
  -5.1890000e+03
  -5.1900000e+03
  -4.0850000e+03
  -4.4550000e+03
  -4.4440000e+03
  -5.2050000e+03
  -5.1920000e+03
  -5.1870000e+03
  -5.1870000e+03
  -5.1760000e+03
  -5.1760000e+03
  -5.1820000e+03
  -4.4680000e+03
  -3.5230000e+03
  -5.1920000e+03
  -3.7130000e+03
  -4.0230000e+03
  -3.3710000e+03
  -4.4970000e+03
  -4.9410000e+03
  -4.9510000e+03
  -4.9510000e+03
  -4.9490000e+03
  -4.5160000e+03
  -4.6990000e+03
  -4.9370000e+03
  -4.2920000e+03
  -4.9800000e+03
  -4.9640000e+03
  -4.9410000e+03
  -4.9390000e+03
  -4.9370000e+03
  -4.9410000e+03
  -4.9570000e+03
  -4.9510000e+03
  -4.9550000e+03
  -4.9840000e+03
  -5.0080000e+03
  -5.0040000e+03
  -5.0280000e+03
  -5.0170000e+03
  -5.0060000e+03
  -5.0030000e+03
  -5.0240000e+03
  -5.0340000e+03
  -4.9980000e+03
  -4.9000000e+03
  -4.8100000e+03
  -4.7820000e+03
  -4.7180000e+03
  -4.7200000e+03
  -4.6280000e+03
  -4.6110000e+03
  -4.5370000e+03
  -4.5130000e+03
  -4.4320000e+03
  -4.4170000e+03
  -4.4540000e+03
  -4.4800000e+03
  -2.9620000e+03
  -2.4200000e+03
  -2.1840000e+03
  -1.7130000e+03
  -1.6680000e+03
  -1.5660000e+03
  -1.0320000e+03
  -4.4700000e+02
  -5.0900000e+02
