1947.125	6895
1947.208	6922
1947.292	6913
1947.375	6942
1947.458	6928
1947.542	7002
1947.625	6978
1947.708	7023
1947.792	6989
1947.875	6980
1947.958	6996
1948.042	6949
1948.125	6913
1948.208	6841
1948.292	6931
1948.375	6848
1948.458	6887
1948.542	6963
1948.625	6987
1948.708	6973
1948.792	6995
1948.875	6978
1948.958	6935
1949.042	6940
1949.125	6889
1949.208	6961
1949.292	6935
1949.375	6956
1949.458	6929
1949.542	6920
1949.625	6992
1949.708	6962
1949.792	6970
1949.875	6923
1949.958	6863
1950.042	6909
1950.125	6876
1950.208	6930
1950.292	6977
1950.375	6878
1950.458	6879
1950.542	6920
1950.625	6948
1950.708	6973
1950.792	7008
1950.875	7051
1950.958	7054
1951.042	6925
1951.125	6966
1951.208	6941
1951.292	6925
1951.375	6901
1951.458	6943
1951.542	6971
1951.625	7004
1951.708	7056
1951.792	7016
1951.875	7050
1951.958	6985
1952.042	6905
1952.125	6957
1952.208	6879
1952.292	6904
1952.375	6911
1952.458	6946
1952.542	6953
1952.625	6963
1952.708	7019
1952.792	6987
1952.875	7063
1952.958	6990
1953.042	6976
1953.125	6957
1953.208	6892
1953.292	6913
1953.375	6922
1953.458	6885
1953.542	6984
1953.625	6996
1953.708	6998
1953.792	7031
1953.875	6973
1953.958	6953
1954.042	7001
1954.125	6919
1954.208	6915
1954.292	6932
1954.375	6946
1954.458	7007
1954.542	7014
1954.625	7033
1954.708	7089
1954.792	7022
1954.875	7066
1954.958	6988
1955.042	6911
1955.125	6994
1955.208	6916
1955.292	6922
1955.375	6899
1955.458	6815
1955.542	6882
1955.625	6977
1955.708	6941
1955.792	6925
1955.875	6952
1955.958	6873
1956.042	6923
1956.125	6937
1956.208	6895
1956.292	7037
1956.375	6993
1956.458	6926
1956.542	7022
1956.625	7006
1956.708	6974
1956.792	7026
1956.875	7004
1956.958	7031
1957.042	7017
1957.125	7031
1957.208	7008
1957.292	6979
1957.375	6971
1957.458	6968
1957.542	6968
1957.625	6985
1957.708	7019
1957.792	7041
1957.875	6963
1957.958	6953
1958.042	6926
1958.125	6961
1958.208	7010
1958.292	6929
1958.375	6982
1958.458	7004
1958.542	7038
1958.625	7094
1958.708	7086
1958.792	7114
1958.875	7084
1958.958	7087
1959.042	7034
1959.125	7038
1959.208	7060
1959.292	7019
1959.375	7000
1959.458	7031
1959.542	7057
1959.625	7156
1959.708	7090
1959.792	7077
1959.875	7021
1959.958	7032
1960.042	6983
1960.125	6977
1960.208	6984
1960.292	6964
1960.375	6914
1960.458	6998
1960.542	6913
1960.625	6963
1960.708	7050
1960.792	7011
1960.875	7027
1960.958	7068
1961.042	7080
1961.125	7010
1961.208	7040
1961.292	7014
1961.375	7089
1961.458	7135
1961.542	7123
1961.625	7124
1961.708	7188
1961.792	7088
1961.875	7026
1961.958	6960
1962.042	7080
1962.125	7024
1962.208	7010
1962.292	7059
1962.375	6971
1962.458	6928
1962.542	6962
1962.625	6980
1962.708	6995
1962.792	7014
1962.875	6987
1962.958	7001
1963.042	7053
1963.125	7003
1963.208	6987
1963.292	6973
1963.375	6965
1963.458	7001
1963.542	6993
1963.625	7121
1963.708	7128
1963.792	7056
1963.875	7037
1963.958	6996
1964.042	6961
1964.125	6924
1964.208	6946
1964.292	6975
1964.375	6929
1964.458	6957
1964.542	7075
1964.625	7049
1964.708	7108
1964.792	7083
1964.875	7031
1964.958	7076
1965.042	7015
1965.125	6950
1965.208	6947
1965.292	6931
1965.375	6981
1965.458	6986
1965.542	7076
1965.625	7101
1965.708	7047
1965.792	7121
1965.875	7122
1965.958	7020
1966.042	7065
1966.125	7012
1966.208	7005
1966.292	6961
1966.375	6951
1966.458	7030
1966.542	7033
1966.625	7114
1966.708	7136
1966.792	7129
1966.875	7127
1966.958	7045
1967.042	7058
1967.125	6985
1967.208	6970
1967.292	6983
1967.375	6974
1967.458	6962
1967.542	7058
1967.625	7122
1967.708	7107
1967.792	7132
1967.875	7098
1967.958	7055
1968.042	7016
1968.125	7061
1968.208	7023
1968.292	7016
1968.375	6913
1968.458	6923
1968.542	7046
1968.625	7126
1968.708	7104
1968.792	7147
1968.875	7131
1968.958	7112
1969.042	7129
1969.125	7067
1969.208	7054
1969.292	6987
1969.375	7032
1969.458	7065
1969.542	7124
1969.625	7105
1969.708	7163
1969.792	7056
1969.875	7066
1969.958	7060
1970.042	7050
1970.125	7027
1970.208	7011
1970.292	6942
1970.375	6939
1970.458	7019
1970.542	6999
1970.625	7074
1970.708	7054
1970.792	7040
1970.875	7059
1970.958	6965
1971.042	7019
1971.125	6983
1971.208	6990
1971.292	6976
1971.375	6971
1971.458	6916
1971.542	7013
1971.625	6987
1971.708	6999
1971.792	6967
1971.875	7043
1971.958	6968
1972.042	6973
1972.125	6968
1972.208	7014
1972.292	6906
1972.375	6894
1972.458	6906
1972.542	7017
1972.625	7033
1972.708	7053
1972.792	7040
1972.875	6972
1972.958	6962
1973.042	6949
1973.125	6928
1973.208	6997
1973.292	6930
1973.375	6872
1973.458	6945
1973.542	6997
1973.625	7083
1973.708	7053
1973.792	7095
1973.875	7072
1973.958	7074
1974.042	7086
1974.125	7006
1974.208	7068
1974.292	7077
1974.375	7072
1974.458	7044
1974.542	7152
1974.625	7167
1974.708	7107
1974.792	7172
1974.875	7165
1974.958	7029
1975.042	7038
1975.125	7037
1975.208	6971
1975.292	6965
1975.375	7025
1975.458	6916
1975.542	6945
1975.625	7087
1975.708	7011
1975.792	7033
1975.875	6976
1975.958	6938
1976.042	6947
1976.125	6944
1976.208	6983
1976.292	6984
1976.375	7013
1976.458	6950
1976.542	6969
1976.625	7087
1976.708	7112
1976.792	7059
1976.875	7097
1976.958	7058
1977.042	6998
1977.125	6991
1977.208	6971
1977.292	6970
1977.375	6919
1977.458	6991
1977.542	7064
1977.625	7079
1977.708	7101
1977.792	7121
1977.875	7093
1977.958	7096
1978.042	7077
1978.125	7078
1978.208	7089
1978.292	7136
1978.375	7061
1978.458	7106
1978.542	7169
1978.625	7172
1978.708	7181
1978.792	7238
1978.875	7156
1978.958	7070
1979.042	7004
1979.125	6965
1979.208	6948
1979.292	6949
1979.375	6965
1979.458	6991
1979.542	7024
1979.625	7060
1979.708	7095
1979.792	7125
1979.875	7147
1979.958	7157
1980.042	7150
1980.125	7118
1980.208	7166
1980.292	7120
1980.375	7083
1980.458	6979
1980.542	7117
1980.625	7193
1980.708	7163
1980.792	7156
1980.875	7122
1980.958	7102
1981.042	7141
1981.125	7102
1981.208	7069
1981.292	7108
1981.375	7117
1981.458	7120
1981.542	7108
1981.625	7182
1981.708	7212
1981.792	7162
1981.875	7125
1981.958	7105
1982.042	7111
1982.125	7028
1982.208	6999
1982.292	7050
1982.375	6976
1982.458	6969
1982.542	7046
1982.625	7137
1982.708	7144
1982.792	7227
1982.875	7127
1982.958	7147
1983.042	7159
1983.125	7122
1983.208	7099
1983.292	7065
1983.375	7051
1983.458	7043
1983.542	7090
1983.625	7126
1983.708	7184
1983.792	7100
1983.875	7051
1983.958	7093
1984.042	7074
1984.125	7034
1984.208	7093
1984.292	7053
1984.375	7067
1984.458	7123
1984.542	7113
1984.625	7213
1984.708	7224
1984.792	7211
1984.875	7134
1984.958	7136
1985.042	7126
1985.125	7091
1985.208	7081
1985.292	7001
1985.375	7014
1985.458	7065
1985.542	7078
1985.625	7106
1985.708	7126
1985.792	7123
1985.875	7101
1985.958	7023
1986.042	7020
1986.125	7039
1986.208	6969
1986.292	6947
1986.375	7028
1986.458	6996
1986.542	6987
1986.625	7101
1986.708	7121
1986.792	7111
1986.875	7105
1986.958	7096
1987.042	7138
1987.125	7094
1987.208	7075
1987.292	7047
1987.375	7071
1987.458	7069
1987.542	7069
1987.625	7121
1987.708	7121
1987.792	7101
1987.875	7221
1987.958	7131
1988.042	7099
1988.125	7172
1988.208	7143
1988.292	7065
1988.375	7075
1988.458	7058
1988.542	7116
1988.625	7168
1988.708	7153
1988.792	7175
1988.875	7158
