3300	27.8209195973
3305	26.6151298201
3310	29.6739700395
3315	31.9748806155
3320	25.2939835084
3325	28.8981111962
3330	23.9005630412
3335	23.0594673754
3340	27.6911354794
3345	27.9916556454
3350	26.0472590309
3355	27.825173342
3360	29.1773267827
3365	20.6691854364
3370	29.3544620942
3375	25.4595725487
3380	20.294929899
3385	24.7181762088
3390	28.8713980244
3395	25.5475140866
3400	17.4701620202
3405	21.9315202693
3410	23.9552505673
3415	26.9946257217
3420	22.3872394841
3425	21.6880390657
3430	21.9087865396
3435	24.9045748006
3440	17.2407910484
3445	16.7283189162
3450	22.5064497243
3455	22.4617013172
3460	23.7267737228
3465	16.741551891
3470	13.8239222331
3475	19.7035144311
3480	18.3038297239
3485	18.2141542359
3490	15.5205769035
3495	14.3763446363
3500	21.5206730238
3505	16.9323151931
3510	18.4987948464
3515	7.83523688829
3520	19.7228958893
3525	15.8218060084
3530	13.196969268
3535	12.2962794321
3540	18.0493244189
3545	12.9713829018
3550	11.7845133436
3555	11.4330500315
3560	13.8506537521
3565	12.7688279738
3570	11.0894689442
3575	16.9247501522
3580	7.71577245442
3585	16.4649316726
3590	10.8884659753
3595	14.8027221716
3600	14.6118571009
3605	9.33851463779
3610	12.2016387828
3615	16.6233060802
3620	6.78608655231
3625	11.5808671082
3630	12.3331895972
3635	7.71169101363
3640	15.5911607342
3645	11.5616492533
3650	12.04325349
3655	15.2456259678
3660	15.0030014872
3665	8.74130390697
3670	11.8876025474
3675	13.8173616021
3680	12.1681317697
3685	15.1954798346
3690	12.0198903832
3695	16.3165870804
3700	9.49151213133
3705	12.8823793421
3710	17.0642386685
3715	5.31097691178
3720	12.1248030526
3725	12.6901810191
3730	12.1982588766
3735	14.8213413826
3740	10.8735523547
3745	15.8882275099
3750	11.3493591245
3755	15.9910715116
3760	16.2275424837
3765	15.2531222809
3770	12.943568415
3775	14.4381607679
3780	14.9173753814
3785	19.4450752743
3790	17.4288439155
3795	12.4938322614
3800	12.3615659722
3805	20.3694958531
3810	15.6376857593
3815	17.6395591701
3820	14.5035469539
3825	15.7881566154
3830	21.4738438281
3835	20.9226286868
3840	23.0252895899
3845	15.6497305013
3850	17.4158705892
3855	19.8475291492
3860	18.7871617101
3865	19.792300387
3870	20.987414232
3875	19.1837639076
3880	25.3885298829
3885	25.2075340039
3890	21.2117433007
3895	23.7611822655
3900	22.8778313898
3905	23.9999494575
3910	26.3161959261
3915	27.9211791199
3920	24.6344951041
3925	23.8260575302
3930	30.7338129941
3935	31.4946919684
3940	24.2172022965
3945	26.7026154682
3950	25.5921403494
3955	28.6298819595
3960	33.7540936801
3965	23.6391625589
3970	31.0459912606
3975	30.8225700891
3980	34.8654752045
3985	32.5577502432
3990	32.4598167786
3995	30.2892166435
4000	30.8657200166
4005	35.3391920576
4010	37.0645003875
4015	35.2615846697
4020	37.9351070699
4025	36.0514858037
4030	35.1379595035
4035	35.0101931802
4040	35.7249217963
4045	36.4538949745
4050	36.3602767687
4055	36.0655842976
4060	40.3287595961
4065	35.6764105153
4070	37.3436413978
4075	45.2782816581
4080	39.5425403324
4085	39.5424141037
4090	38.9444086822
4095	41.2258721434
4100	41.7979540639
4105	43.7418396105
4110	38.0683842706
4115	36.6765525948
4120	38.2116210131
4125	35.8702570086
4130	42.3855975808
4135	43.43074328
4140	39.0964648106
4145	38.565594546
4150	37.3176102789
4155	49.5013459851
4160	41.272871113
4165	40.9731629204
4170	48.4224059755
4175	47.230749898
4180	42.2454729628
4185	43.2805370542
4190	41.6950820827
4195	45.0008954349
4200	42.7914815539
4205	43.4504484999
4210	40.4258884258
4215	44.5643208675
4220	41.7357391887
4225	46.7578958407
4230	40.4856492732
4235	46.2482124994
4240	51.0941578972
4245	42.9327087419
4250	46.8521913447
4255	49.1551666362
4260	44.316960556
4265	50.7240139787
4270	46.0420142499
4275	48.7856683449
4280	45.6058091988
4285	44.5321112841
4290	44.0907211388
4295	42.9341367922
4300	44.4429951524
4305	45.3412260343
4310	42.4963381241
4315	46.2291315186
4320	43.8910962321
4325	43.6480053595
4330	41.4739356215
4335	41.945682785
4340	42.8237333844
4345	40.6079308679
4350	41.5749680539
4355	40.1644521169
4360	45.5240610216
4365	41.4655013341
4370	40.5735776598
4375	38.7537185746
4380	40.6248903194
4385	38.3430459318
4390	47.188232634
4395	34.6970835354
4400	40.7576121308
4405	41.4890763154
4410	39.9778436489
4415	36.9429482984
4420	36.9048738934
4425	36.3004400029
4430	38.6111975541
4435	34.8297384238
4440	41.0599658173
4445	40.8887216232
4450	32.1016146882
4455	34.3674923151
4460	37.9874784724
4465	34.6743319558
4470	31.2619308321
4475	35.4548211255
4480	31.4013543671
4485	33.976111125
4490	29.5938296786
4495	30.4526440901
4500	36.0047860552
4505	29.9304962435
4510	31.5946100142
4515	27.8461398599
4520	23.1934442932
4525	32.5024590613
4530	31.5374967012
4535	30.4129388625
4540	25.6977072321
4545	27.6882755486
4550	28.9033648174
4555	28.0261625629
4560	34.7979375685
4565	28.6271839296
4570	32.6907055713
4575	29.719358508
4580	24.9090469055
4585	23.0566282001
4590	27.5292576572
4595	27.5612094063
4600	25.5497955863
4605	29.9424047895
4610	29.4503791622
4615	24.3045073284
4620	26.0099989809
4625	32.5704392057
4630	27.8105811629
4635	20.9266681991
4640	20.6392840069
4645	26.3243787836
4650	25.3482585859
4655	21.0996442167
4660	23.4170488208
4665	23.610456045
4670	17.9921505201
4675	28.5087920763
4680	22.6817062585
4685	27.1047768265
4690	20.9104180387
4695	21.1947938549
4700	21.1114899301
4705	23.9469533187
4710	19.0996563771
4715	22.3816786468
4720	21.6629276165
4725	14.2654109438
4730	25.3996132395
4735	22.2558962831
4740	26.9578504312
4745	22.1459679866
4750	21.6343443452
4755	15.0794364329
4760	26.3152523636
4765	19.1277112801
4770	24.2316017607
4775	21.3566458286
4780	24.3618076009
4785	23.8084052017
4790	21.3246596301
4795	25.1693405091
4800	24.4584100855
4805	28.1470213018
4810	27.3415361079
4815	26.5113853362
4820	29.1397058565
4825	21.9872785513
4830	24.6184367991
4835	23.07922764
4840	25.9624655705
4845	29.4358074041
4850	26.698331066
4855	26.7440723877
4860	25.896392548
4865	25.6736191191
4870	28.1655654291
4875	24.4366942777
4880	26.443358422
4885	25.8943440687
4890	31.3405928734
4895	26.9271597117
4900	29.5296572038
4905	27.4791478061
4910	28.8652700921
4915	30.4055561318
4920	32.0999644049
4925	33.4852928144
4930	26.0887289932
4935	31.6038601734
4940	33.3544827943
4945	29.1859204951
4950	29.6306706262
4955	33.5627930491
4960	34.9434863744
4965	33.1831528931
4970	34.6328902041
4975	34.750481517
4980	38.2183405762
4985	33.9630246605
4990	31.8370030985
4995	40.0349490593
5000	39.0727340135
5005	34.5178371949
5010	39.5874945133
5015	39.0247923673
5020	37.6755104017
5025	41.7599175543
5030	39.9102973498
5035	39.7523658046
5040	36.3972376274
5045	44.2101677551
5050	39.1557848326
5055	45.5819935509
5060	43.1032814406
5065	46.8865391078
5070	39.520782341
5075	45.3813888113
5080	43.1172615063
5085	42.9432446031
5090	41.8331849896
5095	45.7356596163
5100	39.7089675099
5105	47.6736601338
5110	48.4863977205
5115	40.2530478674
5120	45.1829817157
5125	42.8091537932
5130	53.6016349759
5135	45.7137157295
5140	47.8815315305
5145	46.9309806473
5150	53.3630648633
5155	51.2537403034
5160	49.6010996583
5165	51.379393178
5170	52.3059937308
5175	53.6703350706
5180	46.2381276409
5185	51.1971933267
5190	54.6285566903
5195	53.7746113715
5200	51.0115933542
5205	55.77658882
5210	54.8600611453
5215	47.9222641641
5220	54.7478914041
5225	50.675373374
5230	50.8596101851
5235	57.0877317215
5240	55.7346220498
5245	54.0453546556
5250	59.9707585558
5255	53.1511182954
5260	51.0670630268
5265	58.423939469
5270	51.3986550699
5275	58.5413591554
5280	56.5734612488
5285	57.2642968208
5290	57.2202420127
5295	51.6062677346
5300	53.8505834867
5305	52.2371106206
5310	53.1907344232
5315	57.3223122694
5320	57.5943243543
5325	54.4750079176
5330	55.1039612898
5335	56.627104064
5340	55.4166329507
5345	54.237896572
5350	58.6686735125
5355	57.1323583977
5360	56.5154535096
5365	55.129477243
5370	53.5408767499
5375	56.2749227555
5380	54.2473242627
5385	54.3278532371
5390	56.0100738971
5395	53.5838880445
5400	54.5150433202
5405	56.1325438265
5410	51.2868843461
5415	55.5760581986
5420	56.3103726885
5425	54.1835169775
5430	56.3034714224
5435	55.0596158007
5440	49.6197912241
5445	55.5925162279
5450	55.0904989486
5455	52.7153490979
5460	52.2105290116
5465	49.8102559867
5470	47.611397851
5475	49.8540430948
5480	53.7200226295
5485	47.0135572288
5490	49.3395789492
5495	54.0190254948
5500	56.1652769852
