49.3
43.3
47.4
129.0
128.5
126.3
127.8
125.0
47.5
47.8
48.0
113.0
113.5
240.1
239.8
33.7
245.4
239.5
33.7
43.0
47.0
43.1
46.7
226.1
223.5
228.7
1.8
42.8
115.7
244.5
244.0
240.6
38.7
8.5
16.4
195.3
12.5
7.1
214.0
237.9
255.3
192.3
122.1
197.9
200.0
42.6
38.4
253.1
248.0
248.7
232.7
230.5
235.5
41.6
42.8
252.0
240.6
88.0
90.0
190.2
31.1
30.0
30.8
33.1
47.6
47.7
22.9
30.8
26.6
29.1
27.6
163.3
161.1
98.4
122.5
29.3
32.9
191.1
90.8
169.9
198.8
195.6
94.9
189.8
91.9
94.8
18.4
15.6
17.6
14.8
13.7
14.5
68.2
99.2
98.0
97.9
236.7
232.4
234.8
236.6
4.5
4.8
202.2
200.4
213.4
211.6
231.2
224.0
187.9
194.0
204.5
207.0
232.3
203.1
246.8
211.0
207.0
213.9
209.9
205.8
220.3
28.1
238.5
122.8
236.6
229.6
231.3
197.6
31.9
92.4
34.8
34.0
190.5
238.0
236.6
236.9
235.5
236.3
237.1
236.7
240.5
241.4
240.9
114.6
14.7
14.8
7.8
56.5
55.9
46.5
42.9
33.3
28.3
196.7
45.0
47.1
238.3
246.8
244.1
242.0
242.6
237.9
126.9
124.7
234.2
122.9
220.8
221.1
38.8
37.1
36.3
35.7
35.1
42.2
42.7
216.2
214.0
215.3
216.3
207.0
117.2
240.1
124.1
122.6
120.7
239.5
238.5
69.9
-0.0
43.9
35.4
47.5
37.1
83.9
85.4
102.2
102.0
110.0
106.7
45.0
110.6
186.0
18.1
14.6
50.5
6.5
194.1
189.6
187.1
119.1
114.1
116.1
115.7
115.8
118.7
250.8
247.1
249.5
