35.3
105.9
33.2
249.4
78.5
34.7
76.0
31.0
32.5
241.9
33.7
249.4
31.6
40.8
248.2
41.5
247.9
27.3
32.7
28.8
245.2
236.9
33.2
240.5
34.6
114.4
222.3
230.2
20.6
230.4
41.4
-0.0
230.7
52.6
25.6
21.3
233.7
25.2
38.7
126.4
233.1
37.9
215.2
17.8
77.2
114.6
51.8
45.0
81.3
76.4
33.7
26.6
223.8
135.0
184.4
200.8
202.9
140.2
220.1
181.4
19.4
197.9
113.2
49.4
45.0
47.7
33.7
34.9
116.6
23.7
28.4
116.6
240.3
39.8
217.7
74.4
74.1
225.0
217.3
214.8
77.9
222.3
227.5
229.4
244.9
61.9
22.4
67.6
43.8
71.6
72.5
55.9
48.4
183.0
30.6
78.2
80.0
26.6
29.5
36.4
115.6
116.6
33.7
80.3
240.6
240.3
117.6
244.2
31.6
28.1
190.5
210.7
207.0
72.3
27.9
115.6
116.6
113.7
121.4
117.3
126.0
63.9
40.6
70.0
32.7
122.7
121.6
123.7
26.6
24.4
27.5
123.0
126.3
211.3
21.8
101.7
244.9
91.5
246.0
35.7
247.1
247.5
247.8
251.6
252.3
206.6
246.3
247.0
250.0
203.6
212.6
206.6
213.2
261.6
250.5
249.1
251.6
149.0
245.9
255.1
253.2
261.9
102.1
214.5
201.3
255.5
253.7
181.9
110.4
111.8
220.0
208.4
107.7
251.0
112.6
253.6
17.4
227.3
197.2
73.5
72.6
177.1
75.4
252.3
196.5
262.1
193.4
189.5
198.4
190.3
66.5
68.7
95.0
211.0
189.0
217.7
36.4
75.7
72.9
201.8
111.4
213.7
207.4
212.9
116.6
209.1
208.3
28.8
27.8
60.0
38.7
26.6
220.0
222.3
217.3
70.8
67.1
113.7
121.0
118.1
21.8
38.4
209.1
205.3
201.8
204.6
207.1
27.9
32.0
197.9
211.3
193.8
75.3
259.2
243.4
220.2
186.3
212.7
140.8
144.2
110.9
198.4
200.8
247.1
244.7
150.9
47.5
83.7
38.0
185.0
68.9
58.7
60.3
59.9
68.6
70.3
71.6
68.4
199.4
188.1
259.1
70.0
70.0
65.1
75.5
63.4
67.2
67.0
171.3
116.6
115.6
360.0
63.4
59.7
104.7
66.8
38.7
96.6
108.4
108.4
112.2
66.0
206.6
109.3
246.8
39.4
28.8
113.6
67.4
7.1
161.9
51.3
47.7
55.6
104.0
96.0
182.7
175.2
63.4
70.3
56.0
168.7
166.8
207.8
95.5
27.9
40.2
29.6
17.9
13.3
255.5
267.5
259.0
14.3
69.1
60.6
22.8
23.5
17.6
57.7
64.1
207.6
214.4
217.7
208.1
69.0
31.1
28.0
259.3
262.1
261.0
263.8
256.5
14.0
13.2
11.3
14.0
198.4
32.5
247.8
251.6
62.4
63.4
63.4
73.7
9.0
5.5
184.1
188.1
25.6
182.2
85.2
75.2
60.5
61.9
63.4
15.7
31.0
35.2
187.8
65.2
68.8
173.2
200.0
260.8
23.5
257.7
102.0
97.0
117.8
111.4
110.9
26.1
22.2
26.6
43.2
