27.8
181.4
47.5
12.2
242.7
68.0
48.8
180.5
77.5
246.2
243.0
244.0
21.7
258.7
255.0
54.2
25.6
24.4
25.3
27.1
29.1
239.6
77.9
80.5
79.5
86.6
253.8
247.6
254.4
260.2
259.1
21.7
77.5
79.3
247.0
244.0
30.2
244.5
243.9
25.0
248.2
181.7
181.0
21.7
258.5
44.5
43.4
242.8
26.6
84.0
86.4
242.0
53.9
60.9
237.7
263.0
260.9
252.8
240.3
41.9
223.9
26.3
183.2
80.2
24.8
20.9
22.0
79.9
27.3
75.6
75.3
221.9
221.7
223.4
221.6
24.0
49.5
50.9
114.6
111.5
247.1
116.0
220.8
91.8
263.0
94.2
249.0
248.1
210.8
185.6
217.3
203.1
172.3
172.0
216.8
214.4
75.6
258.0
255.1
222.8
220.5
222.8
227.6
169.9
168.3
169.6
167.8
162.1
160.9
162.0
77.0
172.3
168.8
168.3
185.9
184.6
189.2
186.5
23.2
266.4
69.9
246.9
247.2
243.2
244.1
241.4
245.5
248.1
198.3
42.2
239.9
25.4
57.3
57.3
39.2
8.9
113.4
78.2
73.3
117.5
25.1
242.0
241.7
28.7
207.4
77.0
73.6
74.7
36.8
260.3
259.5
258.0
245.7
50.1
53.6
49.4
23.5
10.9
50.5
51.5
50.0
48.6
12.4
28.3
46.1
45.3
43.3
42.4
41.2
266.8
17.3
245.6
80.9
82.2
199.4
197.4
23.3
247.3
243.6
244.5
203.5
245.4
247.7
247.8
245.5
82.6
80.1
81.2
77.6
110.6
113.5
113.6
124.1
119.9
81.1
42.9
31.0
44.5
250.0
250.4
83.7
99.6
21.2
269.0
75.5
163.7
165.4
262.4
38.3
45.4
40.4
40.4
261.0
