5851
5847
5846
5845
5843
5843
5839
5839
5834
5834
5834
5832
5828
5827
5826
5823
5822
5822
5820
5817
5815
5814
5812
5812
5811
5807
5806
5806
5803
5802
5802
5802
5801
5800
5799
5799
5798
5794
5793
5792
5789
5788
5787
5786
5785
5785
5785
5785
5783
5783
5782
5782
5781
5780
5780
5779
5778
5778
5778
5776
5776
5776
5776
5776
5776
5775
5775
5774
5773
5771
5771
5771
5770
5770
5770
5770
5769
5769
5769
5768
5768
5767
5767
5767
5766
5765
5765
5765
5765
5764
5764
5763
5763
5763
5763
5763
5762
5762
5762
5761
5761
5761
5760
5760
5760
5760
5759
5759
5758
5758
5758
5757
5757
5757
5756
5755
5755
5755
5754
5754
5753
5753
5753
5751
5751
5750
5750
5749
5749
5749
5749
5748
5748
5748
5748
5747
5747
5746
5746
5746
5745
5745
5745
5745
5743
5743
5743
5743
5743
5743
5743
5743
5742
5742
5741
5740
5740
5740
5740
5739
5739
5739
5739
5739
5739
5739
5739
5739
5738
5738
5738
5738
5738
5737
5737
5737
5737
5736
5736
5736
5736
5735
5735
5734
5734
5734
5734
5734
5734
5734
5734
5733
5733
5733
5733
5733
5733
5732
5732
5731
5731
5731
5731
5731
5731
5731
5731
5731
5731
5730
5730
5730
5730
5730
5730
5730
5729
5729
5729
5729
5729
5729
5728
5728
5728
5728
5728
5728
5727
5727
5727
5727
5727
5727
5726
5726
5726
5726
5726
5726
5726
5726
5726
5725
5725
5725
5725
5725
5724
5724
5724
5724
5724
5724
5724
5723
5723
5723
5723
5723
5723
5723
5723
5722
5722
5722
5722
5722
5722
5722
5722
5722
5722
5721
5721
5721
5721
5721
5721
5721
5721
5721
5720
5720
5720
5720
5720
5720
5720
5720
5720
5720
5720
5719
5719
5719
5719
5719
5718
5718
5718
5718
5718
5718
5718
5718
5718
5717
5717
5717
5717
5717
5717
5717
5717
5717
5717
5717
5717
5717
5716
5716
5716
5716
5716
5716
5716
5715
5715
5715
5715
5715
5714
5714
5714
5714
5714
5714
5714
5714
5714
5713
5713
5713
5713
5713
5713
5713
5713
5712
5712
5712
5712
5712
5711
5711
5711
5711
5711
5711
5711
5711
5711
5711
5710
5710
5710
5710
5710
5710
5710
5710
5710
5710
5710
5709
5709
5709
5709
5709
5709
5709
5709
5709
5709
5708
5708
5708
5708
5708
5708
5708
5707
5707
5707
5707
5707
5707
5707
5707
5706
5706
5706
5706
5706
5706
5706
5706
5705
5705
5705
5705
5705
5705
5705
5705
5704
5704
5704
5704
5704
5704
5704
5704
5703
5703
5703
5703
5702
5702
5702
5702
5702
5702
5702
5702
5701
5701
5701
5701
5701
5701
5701
5700
5700
5700
5700
5699
5699
5699
5699
5699
5699
5699
5698
5698
5698
5698
5698
5698
5697
5697
5697
5697
5697
5697
5697
5697
5697
5697
5697
5697
5697
5696
5696
5696
5696
5696
5696
5696
5696
5696
5696
5696
5696
5696
5696
5695
5695
5695
5695
5695
5695
5694
5694
5694
5694
5694
5694
5693
5693
5693
5693
5693
5693
5693
5692
5692
5692
5692
5692
5692
5691
5691
5691
5691
5691
5691
5691
5691
5691
5690
5690
5690
5690
5690
5690
5690
5689
5689
5689
5689
5689
5689
5689
5689
5689
5688
5688
5688
5688
5688
5688
5688
5688
5688
5688
5688
5687
5687
5687
5687
5687
5687
5687
5687
5686
5686
5686
5686
5686
5686
5686
5686
5685
5685
5685
5685
5685
5685
5685
5684
5684
5684
5684
5684
5684
5684
5684
5683
5683
5683
5683
5682
5682
5681
5681
5681
5681
5681
5681
5681
5681
5681
5681
5681
5681
5680
5680
5680
5680
5680
5680
5680
5680
5680
5680
5680
5680
5679
5679
5679
5679
5679
5679
5678
5678
5678
5678
5678
5677
5677
5677
5677
5677
5677
5677
5677
5676
5676
5676
5676
5676
5676
5675
5675
5675
5675
5675
5675
5675
5674
5674
5674
5674
5674
5674
5674
5674
5674
5674
5674
5674
5673
5673
5673
5673
5673
5673
5673
5672
5672
5672
5672
5672
5672
5672
5672
5672
5672
5672
5672
5671
5671
5671
5671
5671
5671
5670
5670
5670
5670
5670
5670
5670
5670
5670
5669
5669
5669
5669
5669
5669
5669
5669
5669
5669
5669
5668
5668
5668
5668
5668
5668
5668
5667
5667
5667
5667
5667
5667
5667
5667
5667
5667
5666
5666
5666
5666
5666
5666
5665
5665
5665
5665
5665
5665
5665
5665
5665
5665
5664
5664
5664
5664
5664
5663
5663
5663
5663
5663
5663
5663
5662
5662
5662
5662
5662
5662
5662
5662
5662
5662
5662
5662
5661
5661
5661
5661
5661
5661
5661
5660
5660
5660
5660
5660
5660
5660
5660
5660
5660
5660
5659
5659
5659
5659
5659
5659
5659
5658
5658
5658
5658
5658
5658
5658
5658
5657
5657
5657
5656
5656
5656
5656
5656
5656
5656
5656
5655
5655
5655
5655
5655
5654
5654
5654
5654
5654
5654
5653
5653
5653
5653
5653
5653
5653
5653
5653
5653
5652
5652
5652
5652
5652
5652
5652
5652
5652
5651
5651
5651
5651
5651
5651
5651
5651
5650
5650
5650
5650
5650
5650
5650
5649
5649
5649
5649
5649
5649
5649
5648
5648
5648
5648
5648
5648
5647
5647
5647
5647
5647
5647
5647
5647
5647
5646
5646
5646
5646
5646
5646
5646
5646
5646
5646
5645
5645
5645
5645
5645
5645
5645
5645
5645
5645
5644
5644
5644
5644
5644
5644
5643
5643
5643
5643
5643
5643
5642
5642
5642
5642
5641
5641
5641
5640
5640
5640
5639
5639
5639
5639
5638
5638
5638
5638
5638
5638
5638
5638
5637
5637
5637
5637
5637
5637
5637
5636
5636
5636
5636
5636
5636
5635
5635
5635
5635
5635
5635
5635
5635
5634
5634
5634
5634
5634
5633
5633
5633
5633
5633
5633
5633
5632
5632
5632
5632
5632
5632
5632
5631
5631
5631
5630
5630
5630
5630
5630
5630
5629
5629
5629
5629
5629
5629
5629
5629
5629
5628
5628
5628
5627
5627
5627
5627
5627
5627
5627
5627
5626
5626
5626
5626
5626
5626
5625
5625
5625
5624
5624
5624
5624
5624
5624
5623
5623
5623
5623
5623
5622
5622
5622
5622
5622
5622
5622
5622
5621
5621
5621
5621
5620
5620
5620
5620
5620
5620
5620
5620
5619
5619
5619
5619
5619
5618
5618
5618
5618
5617
5617
5617
5617
5617
5617
5616
5616
5616
5616
5616
5616
5615
5615
5615
5615
5614
5614
5613
5613
5613
5612
5612
5612
5612
5612
5611
5611
5611
5611
5611
5610
5610
5610
5610
5610
5610
5610
5610
5610
5609
5609
5609
5609
5608
5608
5608
5608
5608
5608
5608
5607
5607
5607
5607
5607
5607
5607
5606
5606
5606
5606
5606
5605
5605
5605
5604
5604
5604
5604
5604
5604
5604
5604
5604
5603
5603
5603
5603
5603
5603
5603
5602
5602
5602
5602
5602
5602
5601
5601
5601
5600
5600
5600
5600
5600
5599
5599
5599
5599
5599
5599
5599
5599
5599
5598
5598
5598
5598
5598
5598
5598
5597
5597
5597
5596
5596
5596
5596
5595
5595
5595
5595
5595
5594
5594
5594
5594
5594
5593
5593
5593
5593
5593
5593
5593
5593
5592
5592
5592
5592
5592
5591
5591
5591
5591
5591
5591
5591
5591
5591
5591
5591
5591
5591
5591
5590
5590
5590
5590
5589
5589
5589
5589
5588
5588
5588
5588
5588
5588
5588
5587
5587
5587
5587
5587
5586
5586
5586
5586
5586
5586
5586
5585
5585
5585
5585
5585
5585
5584
5584
5584
5584
5584
5584
5584
5583
5583
5583
5583
5583
5583
5582
5582
5582
5582
5582
5581
5581
5581
5581
5581
5581
5580
5580
5580
5580
5580
5580
5580
5580
5579
5579
5578
5578
5578
5578
5578
5578
5578
5578
5578
5578
5577
5577
5577
5577
5577
5577
5577
5576
5576
5576
5576
5576
5576
5576
5576
5576
5576
5576
5575
5575
5575
5575
5574
5574
5574
5574
5574
5574
5573
5573
5573
5573
5573
5573
5573
5573
5572
5572
5572
5572
5572
5572
5571
5571
5571
5571
5571
5571
5571
5571
5571
5570
5570
5570
5570
5570
5570
5570
5570
5570
5570
5570
5569
5569
5569
5569
5569
5569
5569
5569
5569
5569
5569
5569
5569
5569
5568
5568
5568
5568
5568
5568
5568
5568
5568
5568
5568
5567
5567
5567
5567
5567
5567
5567
5567
5567
5567
5566
5566
5566
5566
5566
5565
5565
5565
5565
5564
5564
5564
5564
5563
5563
5563
5562
5562
5562
5562
5561
5561
5561
5561
5560
5560
5560
5560
5560
5559
5559
5559
5559
5558
5558
5558
5558
5557
5557
5557
5557
5557
5557
5556
5556
5556
5556
5556
5555
5555
5555
5555
5555
5554
5554
5554
5554
5554
5554
5554
5553
5553
5553
5553
5553
5553
5553
5553
5553
5552
5552
5552
5552
5552
5552
5552
5551
5551
5551
5551
5551
5551
5551
5551
5551
5550
5550
5550
5550
5550
5550
5550
5549
5549
5549
5549
5549
5549
5549
5548
5548
5548
5548
5548
5547
5547
5547
5547
5547
5547
5547
5546
5546
5546
5546
5546
5546
5546
5546
5546
5545
5545
5545
5545
5545
5545
5545
5545
5544
5544
5544
5544
5544
5543
5543
5543
5543
5542
5542
5542
5542
5542
5541
5541
5541
5541
5541
5541
5540
5540
5540
5540
5540
5540
5540
5539
5539
5539
5539
5539
5539
5539
5539
5539
5538
5538
5538
5538
5538
5537
5537
5537
5537
5537
5536
5536
5536
5536
5535
5535
5535
5535
5535
5535
5534
5534
5534
5534
5534
5534
5533
5533
5533
5533
5533
5533
5533
5533
5533
5532
5532
5532
5532
5532
5532
5531
5531
5531
5531
5531
5530
5530
5530
5530
5530
5530
5529
5528
5528
5528
5527
5527
5527
5527
5527
5527
5527
5526
5526
5526
5526
5526
5526
5525
5525
5525
5525
5525
5524
5524
5524
5524
5524
5524
5523
5523
5523
5523
5523
5523
5522
5522
5522
5522
5522
5522
5522
5522
5521
5521
5521
5520
5520
5520
5520
5519
5519
5519
5519
5519
5519
5519
5519
5518
5518
5518
5517
5517
5517
5517
5516
5516
5515
5515
5515
5515
5514
5514
5514
5514
5514
5513
5513
5513
5513
5513
5513
5513
5512
5512
5512
5512
5511
5511
5511
5511
5511
5511
5511
5511
5510
5510
5510
5510
5510
5509
5509
5509
5509
5509
5509
5509
5509
5509
5509
5509
5509
5509
5508
5508
5508
5508
5508
5507
5507
5507
5507
5507
5507
5507
5507
5506
5506
5506
5505
5505
5505
5505
5505
5505
5505
5505
5505
5504
5504
5504
5504
5504
5504
5504
5504
5504
5503
5503
5502
5502
5501
5501
5501
5501
5501
5501
5500
5500
5500
5500
5500
5500
5500
5500
5499
5499
5499
5499
5499
5499
5498
5498
5498
5498
5498
5497
5497
5497
5497
5497
5497
5497
5497
5497
5496
5496
5496
5495
5495
5495
5495
5495
5495
5494
5494
5494
5494
5494
5494
5494
5494
5494
5493
5493
5493
5493
5493
5492
5492
5492
5492
5491
5491
5491
5491
5491
5491
5490
5490
5490
5490
5490
5490
5490
5490
5489
5489
5488
5488
5488
5488
5487
5487
5487
5487
5487
5487
5487
5486
5486
5486
5486
5486
5485
5485
5485
5485
5485
5484
5484
5483
5483
5483
5483
5482
5482
5482
5482
5482
5482
5482
5482
5481
5481
5481
5481
5481
5480
5480
5480
5480
5480
5480
5480
5480
5479
5479
5479
5479
5478
5478
5478
5478
5478
5478
5477
5477
5477
5477
5477
5477
5477
5477
5477
5476
5476
5476
5476
5475
5475
5475
5475
5475
5475
5474
5474
5474
5474
5474
5473
5473
5473
5473
5473
5472
5472
5472
5472
5472
5471
5471
5471
5470
5470
5470
5470
5470
5470
5470
5470
5470
5470
5469
5469
5469
5469
5469
5469
5469
5468
5468
5468
5468
5468
5468
5467
5467
5467
5467
5467
5467
5466
5466
5466
5466
5466
5466
5465
5465
5465
5464
5464
5464
5463
5463
5463
5463
5463
5462
5462
5462
5462
5461
5461
5461
5460
5460
5460
5460
5460
5460
5460
5460
5459
5459
5459
5459
5459
5458
5458
5458
5458
5457
5457
5457
5457
5457
5457
5457
5457
5456
5456
5456
5456
5456
5456
5455
5455
5455
5454
5454
5454
5454
5454
5454
5453
5453
5453
5453
5453
5452
5452
5452
5452
5452
5452
5451
5451
5450
5450
5450
5450
5450
5449
5449
5449
5449
5449
5449
5449
5448
5448
5448
5447
5447
5447
5447
5447
5447
5447
5447
5446
5446
5445
5445
5444
5444
5444
5444
5444
5444
5443
5443
5443
5442
5442
5442
5442
5442
5442
5442
5442
5441
5441
5441
5441
5441
5440
5440
5440
5440
5439
5439
5439
5439
5438
5438
5438
5438
5438
5438
5438
5437
5437
5437
5437
5437
5436
5436
5436
5436
5435
5435
5435
5435
5435
5435
5435
5434
5434
5434
5434
5433
5433
5433
5433
5433
5433
5433
5433
5433
5433
5432
5432
5432
5432
5432
5432
5432
5431
5431
5431
5430
5430
5429
5429
5429
5429
5429
5428
5428
5428
5428
5428
5428
5428
5428
5428
5428
5428
5427
5427
5427
5426
5426
5426
5426
5426
5426
5425
5425
5425
5425
5425
5424
5424
5424
5423
5423
5423
5423
5423
5422
5422
5421
5421
5421
5421
5420
5420
5420
5420
5420
5419
5419
5419
5419
5419
5419
5418
5418
5418
5418
5418
5418
5418
5417
5417
5417
5417
5417
5417
5417
5416
5416
5415
5415
5415
5415
5414
5414
5414
5414
5414
5414
5414
5414
5414
5413
5413
5413
5413
5413
5413
5413
5413
5412
5412
5412
5412
5412
5411
5411
5411
5411
5411
5410
5410
5410
5410
5410
5410
5410
5410
5410
5409
5409
5409
5409
5408
5408
5408
5408
5408
5407
5406
5406
5406
5406
5406
5406
5405
5405
5405
5405
5405
5405
5405
5405
5405
5404
5404
5404
5404
5403
5403
5403
5403
5403
5403
5402
5402
5402
5402
5402
5402
5402
5402
5402
5402
5402
5402
5402
5402
5401
5401
5401
5401
5401
5400
5400
5400
5400
5400
5399
5399
5399
5399
5398
5398
5398
5398
5397
5397
5397
5397
5397
5397
5397
5397
5396
5396
5396
5396
5396
5396
5396
5396
5395
5395
5395
5395
5395
5395
5395
5395
5394
5394
5394
5394
5394
5394
5394
5394
5394
5394
5393
5393
5393
5393
5393
5393
5392
5392
5392
5392
5392
5391
5391
5391
5391
5391
5391
5391
5391
5390
5390
5390
5390
5390
5390
5390
5390
5390
5389
5389
5389
5389
5389
5389
5389
5388
5388
5388
5387
5387
5387
5387
5387
5387
5387
5387
5386
5386
5386
5386
5386
5386
5386
5386
5385
5385
5385
5385
5384
5384
5384
5384
5384
5384
5384
5384
5384
5384
5384
5384
5384
5384
5383
5383
5383
5383
5382
5382
5382
5382
5382
5382
5382
5382
5382
5381
5381
5381
5381
5381
5381
5380
5380
5380
5380
5380
5380
5380
5380
5380
5380
5380
5379
5379
5378
5378
5378
5378
5378
5378
5378
5378
5378
5378
5377
5377
5377
5377
5377
5377
5376
5376
5376
5376
5376
5376
5375
5375
5375
5375
5375
5374
5374
5373
5373
5373
5373
5373
5373
5373
5373
5373
5373
5373
5373
5373
5373
5373
5373
5372
5372
5372
5372
5372
5372
5372
5372
5372
5371
5371
5371
5371
5371
5371
5371
5371
5370
5370
5370
5370
5370
5370
5370
5369
5369
5369
5369
5369
5369
5369
5369
5368
5368
5368
5368
5368
5368
5368
5368
5368
5368
5368
5367
5367
5367
5367
5367
5367
5367
5367
5366
5366
5366
5366
5366
5366
5366
5366
5366
5365
5365
5365
5365
5365
5365
5365
5365
5364
5364
5364
5364
5364
5364
5364
5364
5364
5363
5363
5363
5363
5363
5363
5363
5363
5362
5362
5362
5362
5362
5361
5361
5361
5361
5361
5361
5361
5361
5360
5360
5360
5360
5360
5360
5360
5359
5359
5359
5359
5359
5359
5359
5359
5359
5359
5358
5358
5358
5358
5358
5358
5358
5357
5357
5357
5357
5357
5357
5357
5357
5357
5356
5356
5356
5356
5356
5356
5356
5356
5356
5356
5355
5355
5355
5355
5355
5355
5355
5355
5354
5354
5354
5354
5354
5354
5354
5354
5353
5353
5353
5353
5353
5352
5352
5352
5352
5352
5352
5352
5352
5352
5352
5352
5352
5352
5352
5351
5351
5351
5351
5351
5351
5351
5351
5351
5350
5350
5350
5350
5350
5350
5350
5350
5350
5349
5349
5349
5349
5349
5349
5349
5349
5348
5348
5348
5348
5348
5348
5348
5348
5347
5347
5347
5347
5347
5347
5347
5347
5347
5347
5347
5347
5347
5346
5346
5346
5346
5346
5346
5346
5346
5346
5346
5345
5345
5345
5345
5345
5345
5345
5344
5344
5344
5344
5344
5344
5344
5344
5344
5344
5344
5344
5344
5344
5343
5343
5343
5343
5343
5343
5343
5342
5342
5342
5342
5342
5342
5342
5342
5342
5341
5341
5341
5341
5341
5341
5341
5341
5340
5340
5340
5340
5340
5340
5340
5340
5340
5339
5339
5339
5339
5339
5339
5339
5339
5339
5339
5338
5338
5338
5338
5338
5338
5338
5338
5337
5337
5337
5337
5336
5336
5336
5336
5336
5336
5336
5336
5336
5336
5335
5335
5335
5335
5335
5335
5335
5335
5335
5335
5335
5335
5335
5334
5334
5334
5334
5334
5334
5333
5333
5333
5333
5333
5333
5333
5332
5332
5332
5332
5332
5332
5331
5331
5331
5331
5331
5331
5331
5331
5331
5331
5330
5330
5330
5330
5330
5330
5330
5330
5329
5329
5329
5329
5329
5329
5329
5329
5329
5329
5329
5328
5328
5328
5327
5327
5327
5327
5327
5326
5326
5326
5326
5326
5326
5326
5325
5325
5325
5325
5325
5325
5325
5325
5325
5325
5324
5324
5324
5324
5324
5324
5324
5324
5323
5323
5323
5323
5323
5323
5323
5323
5322
5322
5322
5322
5322
5322
5322
5322
5322
5322
5321
5321
5321
5321
5321
5321
5321
5320
5320
5320
5319
5319
5319
5319
5319
5319
5319
5319
5318
5318
5318
5318
5318
5318
5318
5318
5317
5317
5317
5316
5316
5316
5316
5316
5316
5316
5316
5316
5315
5315
5315
5315
5315
5315
5314
5314
5314
5314
5314
5314
5313
5313
5313
5313
5313
5313
5313
5313
5312
5312
5312
5312
5312
5312
5311
5311
5311
5311
5311
5311
5310
5310
5310
5309
5309
5309
5309
5309
5309
5309
5309
5308
5308
5308
5308
5307
5307
5307
5307
5307
5306
5306
5306
5306
5306
5305
5305
5305
5305
5304
5304
5304
5304
5303
5302
5302
5302
5302
5301
5301
5301
5301
5301
5301
5301
5300
5300
5300
5300
5300
5300
5300
5300
5300
5300
5300
5300
5299
5299
5299
5299
5298
5298
5298
5298
5298
5298
5297
5297
5297
5297
5297
5297
5297
5297
5296
5296
5296
5296
5296
5296
5296
5296
5296
5295
5295
5295
5295
5295
5295
5295
5294
5294
5294
5294
5294
5294
5294
5293
5293
5293
5293
5293
5293
5292
5292
5292
5292
5292
5292
5292
5292
5292
5291
5291
5291
5291
5291
5291
5291
5291
5291
5291
5291
5290
5290
5290
5290
5290
5290
5289
5289
5289
5289
5289
5288
5288
5288
5287
5287
5286
5286
5286
5286
5286
5285
5285
5285
5284
5284
5284
5283
5283
5283
5283
5283
5283
5283
5283
5283
5283
5283
5282
5282
5282
5282
5281
5280
5280
5280
5280
5280
5280
5279
5279
5279
5279
5279
5279
5279
5279
5278
5278
5278
5278
5278
5278
5278
5277
5277
5277
5277
5276
5276
5275
5275
5275
5275
5275
5275
5275
5274
5274
5274
5274
5274
5273
5273
5272
5272
5272
5272
5272
5272
5271
5271
5271
5270
5270
5270
5270
5270
5270
5269
5269
5269
5269
5269
5269
5269
5269
5268
5268
5268
5268
5267
5267
5267
5267
5267
5267
5266
5266
5266
5266
5265
5265
5265
5265
5265
5265
5265
5265
5265
5265
5264
5264
5264
5264
5264
5264
5264
5263
5263
5263
5263
5263
5263
5262
5262
5262
5262
5262
5262
5262
5262
5261
5261
5261
5261
5261
5260
5260
5260
5260
5260
5260
5260
5259
5259
5259
5259
5259
5258
5258
5258
5258
5258
5258
5258
5257
5257
5257
5257
5257
5257
5257
5256
5256
5256
5256
5255
5255
5255
5255
5255
5254
5254
5254
5254
5254
5254
5254
5254
5254
5254
5253
5253
5253
5253
5252
5252
5252
5252
5252
5251
5251
5251
5251
5251
5251
5251
5251
5251
5250
5250
5250
5250
5249
5249
5249
5249
5248
5248
5248
5248
5248
5247
5247
5247
5247
5247
5247
5247
5246
5246
5246
5246
5246
5245
5245
5245
5245
5245
5245
5245
5245
5245
5244
5244
5244
5243
5243
5243
5243
5243
5242
5242
5242
5242
5242
5242
5242
5242
5242
5241
5241
5240
5240
5240
5240
5240
5240
5240
5240
5240
5239
5239
5239
5239
5239
5239
5239
5238
5238
5238
5238
5238
5238
5238
5238
5238
5238
5237
5237
5237
5237
5237
5237
5237
5237
5237
5237
5236
5236
5236
5236
5236
5235
5235
5235
5235
5235
5235
5235
5235
5235
5235
5235
5234
5234
5234
5234
5234
5234
5234
5234
5234
5233
5233
5233
5233
5232
5232
5232
5232
5232
5231
5231
5231
5231
5231
5231
5231
5231
5231
5230
5230
5230
5230
5230
5230
5229
5229
5229
5229
5229
5229
5229
5229
5229
5229
5229
5228
5228
5228
5228
5228
5228
5228
5228
5228
5228
5227
5227
5227
5227
5227
5227
5226
5226
5226
5226
5226
5225
5225
5225
5225
5225
5225
5224
5224
5224
5224
5223
5223
5223
5223
5223
5223
5223
5222
5222
5222
5222
5222
5222
5222
5222
5222
5222
5221
5221
5221
5221
5221
5221
5221
5221
5221
5221
5220
5220
5220
5220
5220
5220
5220
5219
5219
5219
5219
5219
5219
5219
5219
5219
5218
5218
5218
5218
5218
5218
5218
5217
5217
5217
5217
5217
5217
5217
5217
5217
5217
5217
5217
5217
5216
5216
5216
5216
5216
5216
5216
5216
5216
5216
5216
5216
5215
5215
5215
5215
5215
5215
5215
5214
5214
5214
5214
5214
5214
5214
5214
5214
5213
5213
5213
5213
5213
5213
5213
5212
5212
5212
5212
5212
5211
5211
5211
5211
5211
5210
5210
5210
5210
5210
5210
5210
5210
5210
5210
5210
5210
5209
5209
5209
5209
5209
5209
5209
5209
5208
5208
5208
5208
5208
5208
5208
5208
5207
5207
5207
5207
5207
5206
5206
5206
5206
5206
5206
5206
5205
5205
5205
5205
5205
5205
5205
5205
5205
5204
5204
5204
5204
5204
5204
5204
5203
5203
5203
5203
5203
5203
5203
5203
5203
5203
5202
5202
5202
5202
5202
5202
5201
5201
5201
5201
5201
5200
5200
5200
5200
5200
5200
5200
5200
5200
5199
5199
5199
5199
5199
5198
5198
5198
5197
5197
5197
5197
5197
5197
5197
5197
5197
5197
5197
5197
5197
5197
5196
5196
5196
5196
5196
5196
5196
5196
5196
5196
5195
5195
5195
5195
5195
5195
5194
5194
5194
5194
5194
5194
5193
5193
5193
5193
5192
5192
5192
5192
5192
5191
5191
5191
5191
5191
5191
5191
5190
5190
5190
5190
5190
5190
5190
5189
5189
5189
5189
5189
5189
5189
5188
5188
5188
5188
5188
5188
5188
5188
5188
5188
5188
5188
5188
5187
5187
5187
5187
5187
5187
5187
5187
5187
5186
5186
5186
5186
5186
5186
5186
5186
5186
5186
5186
5186
5186
5186
5185
5185
5185
5185
5185
5185
5184
5184
5184
5184
5184
5184
5183
5183
5183
5183
5183
5183
5183
5182
5182
5182
5182
5182
5182
5182
5182
5181
5181
5181
5181
5181
5181
5181
5181
5181
5181
5181
5181
5180
5180
5180
5180
5180
5180
5180
5180
5180
5179
5179
5179
5179
5179
5179
5179
5179
5179
5179
5178
5178
5178
5178
5178
5178
5178
5177
5177
5177
5177
5177
5177
5177
5176
5176
5176
5176
5176
5176
5176
5176
5176
5176
5176
5176
5176
5176
5175
5175
5175
5175
5175
5175
5175
5175
5175
5175
5175
5175
5175
5175
5175
5175
5175
5174
5174
5174
5174
5174
5174
5174
5174
5174
5174
5173
5173
5173
5173
5173
5173
5173
5173
5173
5173
5173
5173
5173
5173
5173
5173
5173
5173
5173
5173
5173
5173
5173
5172
5172
5172
5172
5172
5172
5172
5172
5172
5172
5172
5172
5172
5172
5172
5171
5171
5171
5171
5171
5171
5171
5171
5171
5171
5171
5171
5171
5171
5171
5170
5170
5170
5170
5170
5170
5170
5170
5170
5170
5170
5170
5170
5170
5169
5169
5168
5168
5168
5168
5168
5168
5168
5168
5168
5168
5168
5168
5167
5167
5167
5167
5167
5167
5167
5167
5167
5167
5167
5167
5167
5166
5166
5166
5166
5166
5166
5166
5166
5166
5166
5166
5166
5166
5166
5165
5165
5165
5165
5165
5165
5165
5165
5165
5165
5165
5165
5165
5165
5165
5164
5164
5164
5164
5164
5164
5164
5164
5164
5164
5164
5164
5164
5164
5164
5164
5163
5163
5163
5163
5163
5163
5163
5163
5163
5162
5162
5162
5162
5162
5162
5162
5161
5161
5161
5161
5161
5161
5161
5161
5161
5161
5161
5161
5161
5161
5161
5160
5160
5160
5160
5160
5160
5160
5160
5160
5160
5160
5159
5159
5159
5159
5159
5159
5159
5159
5159
5159
5159
5159
5159
5159
5158
5158
5158
5158
5158
5158
5158
5158
5158
5157
5157
5157
5157
5157
5157
5157
5157
5157
5157
5157
5156
5156
5156
5156
5156
5156
5156
5156
5156
5156
5156
5156
5156
5156
5156
5156
5156
5156
5156
5156
5156
5156
5156
5156
5156
5155
5155
5155
5155
5155
5155
5155
5155
5155
5155
5155
5155
5155
5155
5155
5154
5154
5154
5154
5154
5154
5154
5154
5154
5154
5154
5154
5154
5154
5154
5153
5153
5153
5153
5153
5153
5153
5153
5153
5153
5153
5153
5153
5153
5153
5153
5153
5152
5152
5152
5152
5152
5152
5152
5152
5152
5152
5152
5152
5152
5152
5151
5151
5151
5151
5151
5151
5151
5151
5151
5151
5151
5151
5151
5151
5151
5150
5150
5150
5150
5150
5150
5150
5150
5150
5150
5150
5150
5150
5150
5150
5150
5149
5149
5149
5149
5149
5149
5149
5149
5149
5148
5148
5148
5148
5148
5148
5148
5148
5148
5148
5148
5148
5148
5148
5148
5148
5148
5148
5148
5148
5147
5147
5147
5147
5147
5147
5147
5147
5147
5147
5147
5147
5147
5147
5147
5146
5146
5146
5146
5146
5146
5146
5146
5146
5146
5146
5145
5145
5145
5145
5145
5145
5145
5145
5145
5145
5145
5145
5145
5145
5144
5144
5144
5144
5144
5144
5144
5144
5144
5144
5144
5144
5144
5144
5144
5143
5143
5143
5143
5143
5143
5143
5143
5143
5143
5143
5143
5143
5143
5142
5142
5142
5142
5142
5142
5142
5142
5142
5142
5142
5142
5142
5142
5142
5141
5141
5141
5141
5141
5141
5141
5141
5140
5140
5140
5140
5140
5140
5140
5140
5140
5140
5139
5139
5139
5139
5139
5139
5139
5139
5139
5139
5139
5139
5139
5139
5139
5138
5138
5138
5138
5138
5138
5138
5138
5138
5138
5138
5138
5138
5138
5138
5138
5137
5137
5137
5137
5137
5137
5137
5137
5137
5137
5136
5136
5136
5136
5136
5135
5135
5135
5135
5135
5135
5135
5135
5135
5135
5135
5134
5134
5133
5133
5133
5133
5133
5133
5133
5133
5133
5133
5132
5132
5132
5132
5132
5132
5132
5132
5132
5132
5132
5131
5131
5131
5131
5131
5131
5131
5131
5130
5130
5130
5130
5130
5130
5130
5130
5130
5130
5130
5130
5130
5129
5129
5129
5129
5129
5129
5129
5129
5129
5128
5128
5128
5128
5128
5128
5128
5128
5128
5128
5127
5127
5127
5127
5127
5127
5127
5127
5127
5127
5127
5127
5127
5127
5126
5126
5126
5126
5126
5126
5126
5126
5126
5125
5125
5125
5125
5125
5125
5125
5125
5125
5125
5125
5125
5125
5124
5124
5124
5124
5124
5124
5124
5124
5124
5123
5123
5123
5123
5123
5123
5123
5122
5122
5122
5122
5122
5122
5122
5121
5121
5121
5121
5121
5121
5121
5121
5121
5121
5121
5120
5120
5120
5120
5120
5120
5120
5120
5120
5120
5120
5119
5119
5119
5119
5119
5119
5119
5119
5119
5119
5119
5118
5118
5118
5118
5118
5118
5117
5117
5117
5117
5117
5117
5117
5117
5117
5116
5116
5116
5116
5116
5116
5116
5116
5116
5116
5116
5116
5116
5116
5116
5115
5115
5115
5115
5115
5115
5115
5115
5114
5114
5114
5114
5114
5114
5114
5113
5113
5113
5113
5113
5113
5113
5113
5113
5113
5113
5112
5112
5112
5112
5112
5112
5112
5112
5112
5112
5112
5111
5111
5111
5111
5111
5111
5111
5111
5111
5111
5111
5110
5110
5110
5110
5110
5109
5109
5109
5109
5109
5109
5109
5108
5108
5108
5108
5108
5108
5108
5108
5108
5108
5108
5108
5107
5107
5107
5107
5107
5106
5106
5106
5106
5106
5106
5106
5106
5106
5106
5106
5105
5105
5105
5105
5105
5104
5104
5104
5104
5104
5103
5103
5103
5103
5103
5103
5103
5103
5103
5103
5102
5102
5102
5102
5102
5102
5102
5102
5102
5101
5101
5101
5100
5100
5100
5100
5100
5100
5100
5099
5099
5099
5099
5099
5099
5099
5098
5098
5098
5098
5098
5098
5098
5098
5098
5098
5097
5097
5097
5097
5097
5097
5097
5096
5096
5096
5096
5096
5096
5096
5095
5095
5094
5094
5094
5094
5094
5094
5094
5094
5093
5093
5093
5093
5093
5093
5093
5093
5092
5092
5092
5092
5092
5092
5091
5091
5091
5091
5091
5091
5090
5090
5090
5090
5090
5089
5089
5089
5088
5088
5088
5088
5088
5088
5088
5087
5087
5087
5087
5087
5087
5087
5087
5087
5086
5086
5086
5086
5086
5086
5085
5085
5085
5085
5085
5085
5085
5085
5085
5085
5084
5084
5084
5084
5084
5083
5083
5083
5083
5083
5083
5082
5082
5082
5082
5082
5082
5082
5082
5082
5082
5082
5081
5081
5081
5081
5081
5080
5080
5080
5079
5079
5079
5079
5079
5079
5079
5078
5078
5078
5077
5077
5077
5077
5077
5077
5077
5077
5077
5077
5077
5077
5076
5076
5076
5076
5076
5075
5075
5074
5074
5074
5074
5074
5074
5074
5073
5073
5073
5072
5072
5072
5072
5071
5071
5071
5071
5071
5071
5071
5070
5070
5070
5070
5070
5069
5069
5069
5069
5069
5069
5069
5068
5068
5068
5068
5068
5068
5068
5068
5068
5068
5067
5067
5067
5067
5067
5067
5067
5067
5066
5066
5066
5066
5066
5066
5066
5065
5065
5065
5065
5065
5065
5065
5065
5065
5065
5065
5065
5065
5064
5064
5064
5064
5064
5064
5064
5064
5064
5064
5063
5063
5063
5063
5063
5063
5063
5063
5063
5062
5062
5062
5062
5062
5062
5062
5062
5062
5062
5061
5061
5061
5061
5061
5061
5061
5061
5061
5061
5061
5060
5060
5060
5060
5060
5060
5060
5059
5059
5059
5059
5059
5058
5058
5058
5058
5058
5058
5058
5058
5058
5058
5058
5057
5057
5057
5057
5057
5057
5057
5057
5056
5056
5056
5056
5056
5056
5056
5056
5056
5056
5056
5055
5055
5055
5055
5055
5055
5055
5055
5055
5054
5054
5054
5054
5054
5054
5053
5053
5053
5053
5052
5052
5052
5052
5051
5051
5051
5051
5051
5051
5050
5050
5050
5050
5050
5050
5050
5050
5050
5049
5049
5049
5049
5049
5049
5049
5048
5048
5048
5048
5048
5048
5048
5048
5048
5048
5048
5047
5047
5047
5047
5047
5047
5047
5047
5047
5047
5047
5046
5046
5046
5046
5046
5046
5046
5046
5046
5046
5046
5046
5046
5045
5045
5045
5045
5045
5045
5045
5045
5045
5045
5044
5044
5044
5044
5044
5044
5044
5044
5044
5044
5044
5043
5043
5043
5043
5042
5042
5042
5042
5042
5042
5041
5041
5041
5041
5041
5041
5041
5041
5040
5040
5040
5040
5040
5040
5040
5040
5040
5039
5039
5039
5039
5039
5039
5039
5039
5039
5038
5038
5038
5038
5038
5038
5037
5037
5037
5037
5037
5037
5037
5037
5037
5037
5037
5036
5036
5036
5036
5036
5035
5035
5035
5035
5035
5035
5034
5034
5034
5034
5034
5034
5034
5034
5034
5034
5032
5032
5032
5032
5032
5031
5031
5031
5031
5031
5030
5030
5030
5030
5030
5030
5030
5029
5029
5029
5029
5029
5029
5029
5029
5028
5028
5028
5028
5028
5028
5028
5027
5027
5027
5027
5026
5026
5026
5026
5025
5025
5025
5025
5025
5025
5025
5025
5024
5024
5024
5024
5024
5024
5024
5023
5023
5023
5023
5023
5023
5023
5023
5023
5023
5023
5022
5022
5022
5022
5022
5022
5022
5022
5022
5022
5021
5021
5021
5021
5021
5021
5020
5020
5020
5020
5020
5020
5019
5019
5019
5019
5019
5018
5018
5018
5018
5018
5018
5018
5018
5017
5017
5016
5016
5016
5016
5016
5016
5016
5016
5016
5015
5015
5015
5015
5015
5014
5014
5014
5013
5013
5013
5013
5012
5012
5012
5012
5012
5012
5012
5011
5011
5011
5011
5011
5011
5011
5011
5010
5010
5010
5010
5010
5009
5009
5008
5008
5008
5008
5008
5007
5007
5007
5006
5006
5006
5005
5005
5005
5005
5004
5004
5004
5004
5003
5003
5003
5003
5003
5003
5003
5003
5003
5002
5002
5002
5001
5000
5000
5000
5000
4999
4999
4999
4999
4999
4999
4998
4998
4998
4997
4997
4997
4996
4996
4996
4996
4996
4996
4996
4995
4995
4995
4995
4994
4994
4994
4994
4994
4994
4994
4994
4994
4994
4993
4993
4993
4993
4992
4992
4992
4992
4991
4991
4991
4991
4991
4991
4991
4991
4990
4990
4990
4990
4990
4990
4990
4990
4989
4989
4989
4989
4988
4988
4988
4988
4988
4988
4988
4987
4987
4987
4987
4987
4986
4986
4986
4986
4985
4985
4985
4985
4984
4984
4984
4984
4984
4983
4983
4983
4983
4983
4983
4983
4983
4982
4982
4981
4981
4981
4981
4981
4981
4981
4981
4980
4980
4980
4980
4980
4980
4980
4980
4979
4979
4979
4979
4979
4979
4978
4978
4978
4978
4978
4978
4978
4978
4977
4977
4976
4976
4976
4976
4976
4976
4976
4975
4975
4975
4975
4975
4974
4974
4974
4974
4974
4974
4973
4973
4973
4973
4973
4973
4973
4973
4973
4972
4972
4972
4972
4972
4972
4972
4972
4972
4971
4971
4971
4970
4970
4969
4969
4969
4968
4968
4968
4968
4968
4968
4967
4967
4967
4967
4966
4966
4966
4965
4965
4964
4964
4964
4964
4964
4964
4963
4963
4963
4963
4963
4963
4962
4962
4962
4962
4962
4962
4962
4962
4962
4961
4961
4960
4960
4960
4960
4960
4960
4959
4959
4959
4959
4959
4959
4958
4958
4957
4957
4957
4957
4957
4957
4957
4956
4956
4956
4956
4956
4956
4955
4955
4955
4955
4955
4954
4954
4954
4954
4954
4954
4954
4954
4953
4953
4953
4953
4953
4953
4952
4952
4951
4951
4951
4951
4951
4951
4950
4950
4950
4950
4950
4950
4950
4950
4950
4949
4949
4949
4949
4949
4949
4948
4947
4947
4947
4946
4946
4945
4945
4945
4944
4944
4944
4944
4944
4943
4943
4943
4943
4943
4943
4942
4942
4942
4942
4941
4941
4941
4941
4940
4940
4940
4940
4940
4939
4939
4939
4939
4938
4938
4938
4937
4937
4937
4937
4937
4937
4936
4936
4936
4935
4935
4935
4935
4934
4934
4934
4934
4933
4933
4933
4933
4933
4933
4933
4932
4932
4932
4932
4932
4932
4932
4932
4931
4931
4931
4931
4930
4930
4930
4929
4929
4929
4929
4929
4929
4929
4929
4928
4928
4928
4928
4928
4928
4928
4928
4927
4927
4926
4926
4926
4926
4926
4926
4926
4925
4925
4925
4925
4925
4925
4925
4925
4925
4924
4924
4924
4924
4924
4923
4923
4923
4923
4923
4923
4923
4922
4922
4922
4922
4922
4922
4921
4921
4921
4921
4921
4921
4921
4920
4920
4920
4920
4920
4919
4919
4919
4918
4918
4918
4917
4917
4917
4917
4917
4917
4917
4917
4916
4916
4916
4916
4916
4915
4915
4915
4915
4915
4915
4915
4915
4915
4915
4915
4914
4914
4914
4914
4913
4913
4913
4913
4912
4912
4912
4912
4912
4912
4912
4911
4911
4911
4911
4911
4910
4910
4910
4909
4909
4909
4909
4908
4908
4908
4908
4908
4908
4908
4907
4907
4907
4906
4906
4906
4906
4906
4906
4906
4906
4906
4906
4906
4905
4905
4905
4905
4905
4905
4905
4905
4905
4905
4904
4904
4904
4904
4904
4904
4904
4904
4903
4903
4903
4902
4902
4902
4902
4902
4902
4902
4902
4901
4901
4901
4901
4900
4900
4900
4900
4899
4899
4899
4899
4899
4898
4898
4898
4898
4898
4898
4897
4897
4897
4897
4897
4896
4896
4896
4896
4896
4896
4896
4896
4895
4895
4895
4895
4894
4894
4894
4893
4893
4893
4893
4892
4892
4891
4891
4891
4891
4891
4891
4891
4890
4890
4890
4890
4889
4889
4889
4889
4889
4888
4888
4888
4887
4886
4886
4886
4886
4886
4886
4886
4885
4885
4885
4885
4885
4885
4885
4885
4885
4884
4884
4884
4884
4883
4883
4883
4882
4882
4882
4882
4882
4882
4882
4881
4881
4881
4881
4881
4881
4880
4880
4880
4880
4880
4880
4879
4879
4879
4878
4878
4878
4877
4877
4877
4877
4877
4876
4876
4876
4876
4876
4875
4875
4875
4875
4874
4874
4874
4874
4874
4874
4874
4873
4873
4873
4873
4873
4873
4873
4873
4872
4872
4872
4872
4872
4871
4871
4871
4870
4870
4870
4870
4870
4869
4869
4869
4868
4868
4868
4868
4868
4868
4868
4867
4867
4867
4867
4867
4866
4866
4866
4866
4866
4866
4866
4866
4866
4865
4865
4865
4865
4865
4864
4864
4864
4864
4864
4864
4864
4863
4863
4863
4863
4863
4863
4863
4862
4862
4862
4862
4862
4861
4861
4861
4860
4860
4860
4859
4859
4859
4859
4859
4858
4858
4858
4858
4858
4857
4857
4857
4857
4857
4857
4856
4856
4855
4855
4855
4855
4855
4855
4855
4854
4854
4854
4853
4853
4853
4853
4852
4852
4852
4852
4852
4852
4852
4852
4851
4851
4851
4851
4850
4850
4850
4850
4850
4849
4849
4849
4849
4849
4848
4848
4848
4848
4848
4848
4847
4847
4846
4846
4846
4846
4845
4845
4845
4844
4844
4844
4844
4844
4844
4844
4843
4843
4843
4843
4842
4842
4842
4842
4842
4841
4841
4841
4841
4841
4841
4840
4840
4840
4840
4840
4840
4840
4839
4839
4839
4839
4839
4838
4838
4838
4838
4838
4838
4838
4838
4838
4837
4836
4836
4836
4836
4836
4836
4836
4836
4836
4835
4835
4835
4835
4834
4834
4834
4834
4834
4834
4833
4833
4833
4833
4832
4832
4832
4832
4831
4831
4831
4831
4830
4829
4829
4829
4829
4829
4829
4829
4829
4828
4828
4828
4828
4828
4828
4827
4827
4827
4826
4826
4826
4826
4826
4825
4825
4825
4825
4825
4825
4824
4824
4824
4824
4824
4823
4822
4822
4822
4822
4822
4822
4821
4821
4821
4821
4821
4821
4820
4820
4820
4820
4819
4819
4819
4819
4819
4819
4819
4818
4818
4818
4818
4818
4817
4817
4817
4817
4816
4816
4816
4815
4815
4815
4814
4814
4814
4813
4813
4813
4813
4813
4813
4813
4812
4812
4812
4812
4811
4811
4811
4811
4811
4811
4810
4809
4809
4809
4809
4808
4808
4808
4808
4808
4807
4807
4807
4807
4807
4806
4806
4806
4806
4806
4806
4806
4805
4805
4805
4805
4805
4804
4804
4803
4803
4802
4802
4802
4802
4801
4801
4800
4800
4800
4800
4799
4799
4799
4798
4797
4797
4797
4797
4797
4797
4797
4796
4796
4796
4796
4796
4796
4795
4795
4795
4795
4795
4795
4795
4794
4794
4794
4794
4794
4794
4793
4793
4793
4792
4792
4792
4792
4792
4792
4792
4792
4791
4791
4791
4791
4791
4791
4791
4790
4790
4790
4789
4789
4788
4788
4788
4788
4788
4788
4787
4787
4786
4786
4786
4786
4785
4784
4784
4784
4784
4783
4783
4783
4783
4783
4783
4783
4783
4783
4782
4782
4782
4782
4782
4782
4782
4782
4782
4782
4781
4781
4781
4781
4781
4781
4781
4780
4780
4780
4780
4779
4779
4779
4779
4779
4778
4778
4778
4778
4778
4778
4777
4777
4777
4777
4777
4777
4777
4777
4777
4777
4776
4776
4776
4776
4776
4775
4775
4775
4775
4775
4774
4774
4774
4773
4773
4773
4773
4772
4772
4772
4771
4771
4771
4771
4771
4770
4770
4770
4770
4770
4769
4769
4769
4769
4769
4769
4769
4768
4768
4768
4768
4768
4768
4767
4767
4767
4767
4767
4767
4767
4766
4766
4766
4766
4766
4766
4766
4765
4765
4765
4765
4765
4765
4765
4765
4765
4764
4764
4764
4764
4764
4763
4763
4763
4763
4763
4763
4762
4762
4762
4762
4762
4762
4761
4761
4761
4761
4760
4760
4760
4760
4760
4760
4760
4759
4759
4758
4758
4758
4758
4757
4757
4757
4757
4756
4756
4756
4756
4756
4755
4754
4754
4754
4754
4754
4754
4753
4752
4752
4752
4752
4751
4751
4750
4750
4750
4750
4750
4749
4749
4749
4749
4748
4748
4748
4747
4747
4747
4747
4747
4746
4746
4746
4746
4746
4745
4745
4745
4745
4745
4745
4745
4745
4744
4744
4744
4744
4743
4742
4742
4742
4742
4741
4741
4741
4741
4741
4741
4740
4740
4740
4740
4740
4740
4740
4739
4739
4739
4738
4738
4738
4737
4737
4737
4737
4736
4736
4736
4736
4735
4735
4735
4735
4734
4734
4734
4734
4734
4733
4733
4733
4732
4732
4732
4731
4731
4731
4731
4731
4731
4731
4730
4730
4730
4730
4729
4729
4729
4729
4729
4729
4728
4728
4728
4728
4727
4727
4727
4727
4727
4726
4726
4726
4725
4724
4724
4724
4724
4723
4723
4722
4722
4722
4722
4721
4721
4721
4721
4721
4721
4721
4720
4720
4720
4720
4719
4719
4719
4719
4719
4719
4718
4718
4718
4718
4717
4717
4716
4716
4716
4716
4716
4715
4715
4715
4714
4714
4714
4714
4714
4714
4713
4713
4713
4712
4712
4712
4712
4712
4712
4712
4712
4712
4712
4712
4711
4711
4711
4711
4711
4710
4710
4710
4709
4709
4709
4709
4709
4708
4708
4708
4708
4708
4707
4707
4706
4706
4706
4706
4706
4706
4706
4706
4705
4705
4705
4705
4705
4704
4704
4704
4704
4704
4704
4703
4703
4703
4703
4703
4702
4702
4702
4702
4701
4701
4701
4701
4701
4701
4701
4700
4700
4700
4700
4700
4699
4699
4699
4699
4699
4699
4699
4698
4698
4698
4698
4697
4697
4697
4697
4696
4696
4696
4696
4696
4696
4696
4695
4695
4695
4694
4694
4694
4694
4694
4693
4693
4693
4693
4692
4692
4692
4691
4691
4690
4690
4690
4690
4690
4689
4689
4689
4689
4689
4689
4688
4688
4688
4688
4687
4687
4687
4686
4686
4685
4685
4685
4684
4684
4684
4683
4683
4682
4682
4682
4682
4682
4681
4681
4681
4681
4680
4680
4679
4679
4679
4679
4679
4679
4679
4679
4679
4678
4678
4678
4678
4678
4677
4677
4676
4676
4676
4675
4675
4675
4674
4674
4673
4673
4673
4673
4673
4673
4673
4673
4673
4672
4672
4672
4672
4672
4672
4671
4671
4671
4671
4671
4671
4671
4670
4670
4670
4670
4670
4670
4669
4669
4669
4669
4668
4668
4668
4667
4667
4666
4666
4665
4665
4665
4664
4664
4664
4663
4663
4663
4663
4663
4663
4663
4663
4662
4662
4662
4662
4662
4662
4661
4661
4661
4661
4660
4660
4660
4659
4659
4659
4658
4658
4658
4658
4658
4657
4656
4656
4656
4656
4656
4655
4655
4655
4655
4655
4655
4655
4654
4654
4654
4654
4653
4652
4652
4651
4650
4650
4649
4649
4649
4648
4648
4648
4647
4647
4647
4646
4646
4646
4646
4645
4645
4645
4645
4645
4645
4645
4644
4644
4643
4642
4642
4641
4641
4641
4640
4640
4640
4640
4640
4639
4639
4639
4638
4638
4638
4638
4638
4638
4637
4637
4637
4637
4636
4636
4636
4635
4635
4635
4635
4635
4635
4634
4634
4634
4634
4633
4633
4633
4633
4633
4632
4632
4631
4631
4631
4631
4631
4630
4630
4630
4630
4630
4630
4630
4630
4630
4629
4629
4629
4629
4628
4628
4628
4627
4626
4626
4626
4626
4626
4626
4626
4625
4625
4625
4625
4625
4625
4625
4624
4624
4624
4624
4624
4623
4623
4623
4623
4623
4622
4622
4621
4621
4621
4621
4621
4621
4620
4620
4620
4620
4620
4620
4619
4619
4619
4618
4618
4618
4618
4618
4618
4616
4616
4616
4616
4615
4615
4615
4615
4615
4614
4614
4613
4613
4612
4612
4611
4611
4611
4611
4610
4610
4609
4609
4609
4609
4608
4608
4608
4608
4608
4607
4607
4606
4605
4605
4605
4604
4604
4604
4603
4603
4602
4602
4602
4602
4602
4601
4601
4601
4601
4601
4600
4599
4599
4599
4599
4599
4599
4599
4598
4598
4597
4597
4596
4596
4596
4596
4596
4595
4595
4595
4595
4595
4594
4594
4593
4593
4593
4592
4592
4592
4592
4591
4591
4591
4591
4589
4589
4589
4588
4588
4588
4588
4588
4588
4588
4587
4587
4587
4586
4586
4586
4585
4585
4584
4584
4583
4583
4582
4581
4580
4580
4580
4580
4580
4580
4580
4579
4579
4579
4578
4578
4578
4578
4578
4578
4578
4578
4577
4577
4577
4577
4577
4576
4576
4576
4576
4575
4575
4574
4574
4574
4574
4574
4574
4574
4573
4573
4573
4573
4573
4573
4573
4573
4573
4573
4572
4572
4571
4571
4570
4569
4569
4569
4568
4568
4568
4567
4567
4566
4566
4565
4565
4565
4565
4565
4565
4565
4564
4564
4564
4564
4563
4563
4563
4563
4563
4561
4561
4561
4561
4561
4561
4560
4560
4560
4560
4560
4560
4560
4560
4560
4559
4559
4559
4559
4559
4558
4558
4558
4558
4557
4557
4557
4557
4556
4556
4555
4555
4555
4555
4554
4554
4554
4554
4554
4554
4553
4553
4553
4553
4553
4553
4552
4552
4552
4552
4551
4551
4550
4550
4549
4549
4549
4548
4547
4546
4546
4546
4545
4545
4545
4544
4544
4543
4543
4542
4542
4542
4541
4541
4541
4540
4540
4540
4539
4539
4539
4539
4538
4538
4537
4536
4536
4536
4536
4535
4535
4535
4534
4534
4534
4534
4534
4534
4533
4533
4533
4532
4532
4531
4531
4531
4530
4530
4530
4530
4529
4528
4528
4528
4528
4527
4527
4527
4527
4526
4526
4526
4525
4525
4525
4525
4524
4524
4524
4524
4523
4523
4523
4523
4522
4522
4522
4522
4522
4521
4521
4521
4521
4521
4520
4520
4520
4520
4519
4519
4519
4519
4519
4519
4519
4518
4517
4516
4516
4515
4515
4514
4514
4514
4514
4513
4513
4513
4513
4512
4512
4512
4512
4512
4512
4511
4511
4510
4510
4510
4510
4510
4509
4509
4508
4508
4507
4507
4507
4507
4507
4507
4506
4506
4506
4505
4504
4504
4504
4503
4503
4502
4502
4502
4502
4502
4502
4502
4502
4501
4500
4500
4500
4500
4500
4500
4499
4499
4499
4499
4499
4498
4498
4497
4497
4497
4496
4496
4496
4496
4495
4495
4493
4493
4491
4491
4490
4490
4490
4489
4489
4489
4488
4488
4488
4488
4488
4487
4487
4487
4487
4487
4487
4487
4486
4486
4486
4485
4485
4485
4484
4484
4483
4483
4482
4482
4482
4482
4482
4481
4481
4480
4480
4480
4480
4480
4479
4479
4479
4479
4478
4478
4478
4478
4477
4477
4477
4477
4477
4477
4477
4477
4477
4476
4476
4476
4476
4475
4475
4475
4474
4474
4474
4474
4473
4473
4473
4473
4473
4473
4472
4472
4471
4470
4470
4470
4470
4469
4469
4469
4469
4468
4468
4468
4468
4467
4467
4467
4467
4466
4466
4466
4466
4465
4465
4464
4464
4464
4464
4464
4464
4463
4463
4463
4462
4462
4462
4461
4461
4461
4461
4461
4461
4460
4459
4458
4458
4457
4456
4456
4455
4455
4454
4454
4454
4454
4453
4453
4453
4453
4452
4452
4452
4452
4452
4452
4452
4451
4451
4451
4450
4450
4450
4450
4450
4449
4449
4449
4449
4449
4448
4448
4448
4448
4448
4447
4447
4447
4447
4446
4446
4446
4446
4446
4445
4445
4444
4443
4443
4442
4442
4442
4440
4440
4440
4440
4440
4439
4439
4439
4438
4437
4437
4436
4435
4435
4435
4435
4435
4434
4434
4434
4434
4433
4433
4432
4432
4432
4432
4431
4430
4430
4430
4429
4429
4429
4429
4429
4429
4428
4428
4427
4427
4427
4426
4425
4424
4424
4423
4423
4422
4422
4421
4421
4420
4420
4420
4419
4419
4419
4419
4418
4418
4418
4417
4417
4417
4417
4416
4416
4416
4416
4415
4413
4413
4413
4412
4412
4412
4412
4411
4411
4411
4411
4411
4411
4410
4410
4410
4409
4409
4409
4409
4408
4408
4408
4408
4407
4407
4407
4407
4407
4406
4406
4406
4406
4405
4405
4405
4404
4404
4404
4404
4403
4403
4403
4402
4402
4401
4401
4400
4399
4399
4398
4397
4397
4397
4396
4396
4396
4396
4395
4395
4394
4394
4393
4393
4392
4392
4391
4391
4390
4390
4390
4389
4389
4389
4389
4388
4388
4388
4388
4387
4387
4387
4386
4386
4385
4385
4385
4385
4384
4384
4384
4383
4383
4383
4383
4382
4382
4381
4381
4380
4380
4380
4379
4379
4379
4379
4379
4378
4378
4377
4377
4377
4376
4375
4374
4374
4374
4374
4373
4373
4372
4372
4372
4371
4370
4370
4369
4369
4369
4369
4369
4368
4368
4368
4368
4367
4367
4366
4366
4366
4364
4364
4364
4364
4362
4362
4362
4362
4362
4361
4361
4360
4360
4360
4359
4359
4358
4358
4358
4358
4357
4357
4357
4356
4356
4356
4356
4355
4355
4355
4355
4354
4354
4354
4352
4352
4351
4351
4350
4349
4349
4349
4349
4349
4348
4348
4347
4346
4346
4345
4345
4344
4344
4343
4343
4341
4341
4340
4340
4339
4339
4338
4337
4337
4337
4337
4337
4336
4336
4336
4336
4335
4335
4335
4334
4333
4333
4332
4332
4331
4331
4331
4330
4329
4329
4329
4329
4328
4328
4328
4326
4326
4323
4323
4322
4322
4321
4321
4321
4320
4320
4320
4320
4319
4319
4319
4319
4318
4318
4318
4317
4317
4316
4316
4315
4314
4314
4314
4313
4313
4313
4312
4312
4312
4311
4311
4311
4311
4311
4308
4307
4307
4306
4306
4305
4305
4305
4304
4302
4302
4302
4301
4300
4300
4300
4299
4299
4298
4298
4296
4295
4294
4294
4294
4293
4293
4292
4292
4292
4291
4290
4290
4290
4289
4288
4288
4287
4287
4286
4285
4285
4284
4284
4282
4282
4281
4281
4281
4280
4280
4280
4279
4277
4276
4276
4275
4275
4275
4274
4274
4274
4273
4272
4272
4272
4271
4271
4270
4270
4270
4270
4269
4269
4267
4267
4267
4267
4267
4266
4266
4266
4265
4265
4265
4264
4264
4264
4263
4263
4263
4262
4260
4259
4259
4259
4259
4258
4258
4258
4257
4257
4257
4256
4256
4256
4254
4254
4254
4253
4252
4252
4252
4252
4251
4251
4250
4249
4246
4246
4246
4245
4245
4245
4245
4244
4244
4244
4244
4243
4243
4243
4243
4243
4243
4243
4242
4242
4241
4241
4241
4240
4240
4240
4238
4238
4237
4236
4235
4235
4235
4235
4233
4231
4231
4228
4228
4227
4227
4226
4226
4225
4225
4225
4222
4220
4220
4220
4219
4218
4218
4217
4217
4216
4216
4215
4215
4215
4215
4214
4213
4213
4211
4211
4211
4211
4210
4210
4210
4209
4209
4209
4209
4209
4208
4208
4207
4207
4207
4206
4205
4204
4203
4203
4203
4203
4202
4201
4201
4200
4200
4200
4200
4199
4198
4197
4196
4196
4195
4195
4194
4194
4193
4192
4191
4191
4191
4189
4189
4189
4188
4188
4188
4187
4187
4186
4185
4185
4185
4184
4184
4183
4183
4182
4181
4179
4177
4177
4175
4175
4174
4173
4173
4172
4172
4170
4170
4170
4170
4170
4170
4169
4167
4167
4166
4165
4165
4165
4164
4164
4163
4161
4161
4159
4159
4158
4158
4157
4155
4155
4154
4153
4152
4151
4150
4150
4148
4148
4147
4146
4146
4146
4145
4145
4145
4145
4144
4144
4143
4143
4142
4142
4142
4140
4139
4139
4139
4137
4137
4137
4136
4133
4132
4132
4131
4130
4130
4130
4130
4130
4130
4129
4128
4128
4128
4128
4127
4127
4126
4126
4125
4124
4123
4123
4123
4120
4120
4119
4118
4117
4117
4116
4115
4115
4114
4113
4113
4111
4111
4111
4110
4109
4108
4108
4108
4108
4107
4107
4107
4107
4106
4106
4104
4103
4103
4102
4102
4102
4102
4101
4101
4100
4099
4098
4097
4097
4096
4096
4095
4095
4094
4093
4093
4091
4090
4089
4088
4087
4086
4086
4086
4085
4084
4084
4084
4083
4082
4081
4081
4081
4080
4079
4078
4077
4077
4077
4076
4074
4074
4072
4072
4072
4071
4071
4070
4070
4070
4070
4069
4069
4068
4068
4067
4067
4066
4066
4066
4066
4065
4065
4064
4064
4064
4064
4064
4064
4063
4062
4061
4061
4060
4059
4058
4057
4057
4057
4056
4056
4055
4055
4054
4054
4052
4051
4050
4049
4049
4048
4048
4047
4047
4047
4046
4046
4045
4044
4044
4043
4040
4040
4037
4036
4036
4034
4034
4034
4033
4033
4032
4032
4031
4031
4030
4030
4029
4029
4029
4029
4026
4026
4026
4026
4025
4025
4024
4023
4022
4022
4021
4020
4019
4014
4014
4013
4013
4012
4011
4010
4010
4010
4009
4009
4009
4009
4007
4005
4003
4002
4001
4000
4000
4000
4000
3999
3999
3999
3999
3999
3998
3998
3997
3994
3994
3993
3992
3992
3992
3991
3989
3988
3988
3988
3988
3987
3987
3987
3986
3986
3986
3985
3982
3981
3981
3980
3979
3978
3977
3976
3976
3976
3976
3973
3973
3973
3973
3972
3970
3970
3970
3970
3969
3968
3968
3968
3968
3966
3966
3965
3963
3962
3961
3961
3956
3953
3953
3953
3950
3949
3949
3948
3948
3948
3947
3947
3945
3943
3941
3941
3940
3939
3938
3935
3935
3935
3934
3933
3933
3932
3932
3932
3931
3928
3928
3927
3927
3926
3925
3925
3925
3924
3923
3923
3922
3919
3919
3916
3915
3915
3914
3912
3912
3911
3909
3907
3905
3904
3903
3902
3902
3901
3900
3899
3899
3899
3899
3897
3897
3897
3896
3895
3895
3894
3894
3894
3894
3893
3893
3893
3893
3891
3891
3891
3889
3888
3887
3887
3885
3884
3882
3882
3881
3881
3880
3879
3879
3878
3878
3878
3878
3877
3876
3876
3876
3875
3875
3875
3874
3873
3872
3871
3868
3868
3867
3866
3866
3865
3865
3865
3863
3861
3860
3860
3858
3858
3858
3856
3856
3856
3854
3854
3853
3851
3851
3850
3850
3849
3849
3847
3846
3846
3845
3844
3843
3842
3842
3841
3841
3839
3838
3838
3838
3836
3835
3834
3834
3833
3832
3831
3830
3828
3828
3825
3824
3824
3822
3821
3821
3821
3821
3819
3818
3817
3817
3816
3813
3813
3812
3811
3811
3810
3810
3808
3807
3807
3807
3803
3801
3801
3798
3796
3795
3795
3795
3793
3792
3792
3792
3792
3792
3791
3790
3789
3787
3785
3783
3783
3782
3781
3781
3780
3780
3779
3777
3776
3776
3776
3774
3773
3771
3770
3769
3769
3767
3766
3766
3766
3765
3765
3765
3765
3763
3763
3763
3762
3762
3762
3762
3761
3757
3757
3755
3753
3752
3751
3751
3751
3751
3751
3750
3749
3747
3747
3744
3744
3744
3741
3740
3738
3737
3733
3732
3731
3730
3728
3728
3727
3727
3727
3724
3724
3724
3724
3723
3721
3721
3720
3719
3718
3718
3718
3718
3716
3716
3714
3713
3713
3712
3712
3712
3712
3711
3710
3710
3709
3709
3708
3706
3705
3704
3703
3703
3701
3695
3695
3694
3694
3693
3693
3693
3692
3690
3689
3688
3684
3681
3681
3681
3680
3680
3679
3679
3678
3677
3677
3676
3676
3675
3675
3672
3671
3670
3670
3669
3669
3668
3668
3668
3664
3661
3661
3661
3660
3660
3659
3658
3658
3657
3657
3656
3656
3655
3652
3652
3652
3651
3651
3651
3649
3649
3647
3647
3647
3645
3644
3644
3643
3641
3639
3638
3638
3637
3636
3636
3634
3634
3634
3632
3631
3631
3630
3626
3626
3625
3623
3620
3620
3619
3619
3619
3618
3616
3615
3613
3613
3612
3612
3611
3611
3611
3611
3609
3609
3608
3607
3607
3606
3602
3600
3599
3599
3598
3595
3594
3594
3593
3590
3589
3588
3586
3586
3586
3585
3582
3581
3575
3574
3574
3574
3574
3572
3572
3571
3571
3571
3570
3570
3569
3567
3566
3564
3564
3564
3563
3562
3562
3559
3556
3555
3552
3552
3551
3551
3550
3550
3549
3548
3547
3547
3546
3546
3545
3543
3541
3541
3540
3540
3539
3538
3537
3537
3535
3535
3534
3532
3532
3531
3530
3529
3528
3527
3524
3521
3521
3520
3519
3517
3516
3516
3515
3515
3514
3514
3513
3512
3511
3508
3505
3505
3504
3503
3502
3499
3499
3498
3497
3496
3496
3495
3495
3494
3494
3493
3493
3492
3492
3491
3490
3490
3490
3488
3486
3486
3485
3484
3483
3482
3480
3479
3476
3476
3476
3473
3472
3472
3472
3470
3470
3468
3467
3464
3464
3464
3464
3462
3462
3462
3459
3459
3458
3457
3457
3457
3456
3455
3455
3454
3453
3453
3452
3452
3451
3451
3450
3449
3446
3444
3444
3443
3442
3442
3441
3440
3439
3439
3436
3433
3432
3430
3429
3428
3428
3427
3427
3426
3425
3425
3424
3422
3422
3421
3421
3418
3418
3418
3417
3417
3417
3415
3414
3413
3411
3411
3411
3410
3409
3408
3407
3406
3406
3405
3405
3403
3401
3400
3400
3397
3396
3396
3396
3395
3395
3393
3390
3388
3385
3384
3381
3381
3380
3377
3377
3377
3374
3374
3373
3373
3373
3373
3371
3371
3369
3369
3369
3366
3364
3364
3362
3362
3361
3361
3361
3359
3358
3355
3353
3352
3348
3347
3344
3344
3343
3342
3341
3341
3341
3340
3339
3339
3339
3339
3337
3337
3336
3333
3331
3329
3329
3329
3329
3328
3327
3326
3323
3320
3319
3319
3318
3316
3313
3311
3310
3307
3307
3305
3305
3305
3303
3299
3299
3297
3297
3297
3296
3296
3294
3290
3289
3286
3285
3284
3283
3283
3282
3281
3281
3280
3279
3277
3276
3275
3274
3274
3272
3272
3270
3268
3266
3264
3263
3263
3260
3256
3255
3255
3254
3253
3252
3249
3247
3247
3246
3246
3245
3244
3244
3244
3244
3243
3242
3238
3238
3231
3231
3229
3228
3223
3223
3223
3222
3221
3220
3219
3217
3217
3214
3213
3211
3210
3210
3208
3207
3207
3206
3206
3205
3201
3201
3200
3200
3199
3198
3197
3197
3197
3196
3194
3194
3192
3192
3191
3191
3191
3190
3187
3186
3185
3185
3185
3184
3183
3182
3182
3180
3178
3175
3174
3171
3171
3169
3169
3169
3168
3168
3168
3168
3167
3167
3166
3163
3162
3161
3160
3157
3157
3154
3154
3154
3154
3152
3149
3148
3148
3148
3148
3145
3144
3144
3140
3139
3139
3138
3136
3136
3134
3131
3130
3128
3126
3124
3124
3120
3120
3120
3118
3115
3113
3112
3112
3111
3109
3109
3107
3106
3106
3104
3099
3099
3098
3097
3096
3096
3094
3092
3092
3092
3091
3090
3083
3083
3082
3082
3082
3081
3081
3076
3075
3074
3071
3070
3070
3070
3069
3066
3065
3064
3064
3064
3063
3063
3062
3061
3060
3060
3060
3059
3059
3052
3051
3049
3048
3048
3047
3046
3045
3045
3043
3042
3038
3033
3032
3032
3031
3031
3030
3030
3029
3029
3028
3024
3024
3022
3020
3019
3014
3010
3010
3010
3008
3008
3005
3004
3004
3002
3001
3001
3000
3000
2999
2998
2998
2995
2993
2990
2984
2982
2981
2979
2976
2975
2975
2974
2974
2974
2973
2971
2971
2970
2968
2968
2968
2967
2964
2963
2962
2962
2961
2958
2958
2958
2956
2956
2950
2950
2949
2947
2945
2945
2943
2942
2940
2939
2938
2938
2936
2936
2935
2934
2933
2933
2930
2930
2924
2922
2921
2920
2919
2918
2917
2916
2916
2915
2912
2911
2909
2909
2908
2905
2904
2900
2899
2898
2898
2898
2897
2896
2895
2894
2894
2893
2893
2891
2890
2888
2887
2887
2886
2884
2881
2881
2880
2879
2879
2878
2878
2877
2876
2875
2874
2873
2872
2872
2868
2867
2864
2864
2862
2858
2857
2856
2853
2851
2850
2848
2848
2847
2846
2845
2844
2844
2844
2844
2843
2842
2839
2832
2831
2830
2830
2828
2825
2824
2824
2824
2821
2821
2816
2816
2809
2805
2803
2803
2802
2801
2801
2800
2800
2800
2798
2798
2798
2797
2797
2797
2795
2793
2791
2787
2786
2786
2783
2781
2780
2780
2779
2779
2777
2777
2775
2771
2770
2769
2767
2766
2763
2763
2761
2761
2760
2758
2757
2757
2755
2755
2751
2751
2750
2749
2748
2746
2741
2741
2740
2735
2735
2734
2732
2732
2731
2728
2727
2727
2721
2720
2719
2719
2718
2717
2715
2714
2713
2711
2710
2710
2709
2708
2707
2706
2705
2701
2701
2700
2700
2699
2698
2696
2695
2695
2693
2690
2688
2688
2687
2687
2682
2682
2681
2680
2679
2678
2677
2676
2676
2675
2673
2671
2669
2667
2666
2663
2662
2662
2662
2659
2658
2656
2653
2653
2649
2645
2644
2642
2640
2638
2635
2634
2633
2630
2630
2630
2627
2626
2625
2625
2623
2621
2619
2616
2614
2614
2614
2613
2613
2612
2612
2611
2608
2607
2606
2606
2604
2604
2600
2600
2599
2599
2597
2595
2592
2590
2589
2588
2588
2587
2584
2584
2584
2583
2582
2580
2579
2578
2577
2574
2573
2572
2567
2564
2564
2562
2559
2559
2558
2556
2556
2556
2555
2552
2552
2551
2550
2549
2548
2545
2544
2543
2542
2541
2539
2539
2538
2538
2538
2538
2538
2535
2532
2532
2529
2529
2528
2525
2523
2522
2522
2521
2521
2517
2514
2511
2509
2506
2505
2504
2503
2502
2502
2500
2492
2491
2489
2485
2484
2483
2483
2483
2482
2481
2481
2480
2480
2479
2478
2478
2476
2476
2475
2474
2474
2471
2471
2471
2470
2470
2466
2465
2465
2461
2460
2459
2457
2456
2455
2455
2455
2454
2453
2453
2452
2447
2447
2443
2443
2442
2438
2436
2436
2436
2434
2433
2428
2427
2426
2425
2425
2423
2422
2420
2414
2414
2413
2413
2413
2412
2411
2410
2408
2404
2403
2397
2392
2392
2390
2389
2389
2387
2387
2386
2385
2384
2384
2381
2380
2379
2378
2376
2374
2373
2367
2366
2363
2360
2358
2357
2356
2355
2355
2354
2352
2351
2350
2350
2349
2346
2342
2340
2338
2337
2337
2336
2335
2335
2334
2332
2331
2330
2330
2329
2326
2326
2325
2324
2323
2322
2322
2322
2321
2319
2318
2316
2314
2310
2309
2308
2308
2307
2304
2302
2300
2299
2295
2295
2294
2290
2290
2288
2285
2284
2283
2283
2282
2281
2280
2277
2276
2273
2272
2272
2270
2269
2267
2267
2263
2261
2261
2260
2258
2257
2257
2256
2251
2246
2242
2239
2239
2236
2234
2231
2231
2227
2227
2221
2217
2215
2214
2212
2211
2206
2203
2203
2203
2202
2202
2201
2200
2199
2197
2197
2197
2193
2191
2188
2187
2186
2185
2182
2180
2179
2177
2176
2175
2174
2174
2168
2166
2165
2162
2160
2159
2158
2155
2155
2153
2152
2151
2151
2151
2150
2150
2149
2146
2144
2143
2143
2143
2142
2138
2137
2136
2133
2133
2132
2131
2128
2128
2127
2126
2125
2125
2122
2120
2120
2119
2109
2108
2107
2107
2105
2101
2092
2091
2090
2090
2090
2085
2084
2084
2081
2081
2080
2078
2073
2066
2061
2061
2059
2058
2057
2056
2055
2055
2052
2048
2048
2047
2046
2045
2043
2043
2042
2041
2041
2040
2039
2036
2036
2034
2034
2032
2031
2029
2028
2027
2021
2018
2017
2014
2014
2012
2012
2011
2010
2008
2007
2005
2004
1998
1997
1997
1996
1996
1996
1990
1988
1988
1984
1983
1981
1977
1972
1971
1971
1968
1964
1960
1960
1957
1957
1955
1952
1950
1949
1948
1948
1947
1945
1945
1943
1943
1942
1939
1939
1938
1935
1934
1930
1929
1921
1918
1918
1916
1915
1913
1913
1913
1910
1907
1907
1905
1904
1899
1899
1893
1893
1893
1893
1892
1891
1890
1890
1888
1887
1886
1886
1882
1876
1876
1874
1873
1872
1872
1869
1868
1867
1867
1867
1864
1857
1857
1856
1855
1854
1853
1850
1846
1845
1841
1839
1835
1829
1829
1827
1823
1821
1821
1821
1821
1819
1819
1816
1813
1812
1808
1806
1803
1803
1802
1799
1796
1795
1794
1790
1783
1781
1778
1778
1776
1774
1772
1768
1766
1766
1766
1764
1762
1762
1760
1759
1758
1755
1755
1755
1753
1750
1750
1748
1747
1743
1738
1735
1734
1734
1729
1726
1726
1725
1724
1723
1721
1720
1720
1719
1718
1716
1716
1713
1712
1711
1711
1710
1709
1708
1708
1706
1703
1703
1701
1696
1694
1693
1693
1688
1685
1685
1681
1678
1676
1674
1673
1672
1671
1670
1670
1667
1663
1657
1657
1655
1655
1653
1649
1649
1641
1641
1640
1638
1636
1634
1633
1633
1628
1626
1624
1623
1618
1618
1614
1613
1613
1612
1609
1609
1606
1606
1605
1604
1604
1604
1603
1600
1598
1597
1596
1596
1594
1591
1591
1585
1583
1579
1578
1576
1573
1568
1567
1564
1562
1560
1558
1556
1556
1551
1550
1548
1547
1547
1546
1546
1546
1544
1544
1544
1544
1543
1541
1541
1539
1539
1539
1538
1537
1535
1534
1532
1527
1527
1527
1525
1524
1521
1521
1518
1517
1517
1515
1515
1515
1514
1509
1507
1506
1502
1494
1493
1488
1486
1485
1484
1484
1483
1482
1481
1481
1481
1474
1470
1466
1465
1465
1461
1460
1459
1456
1454
1452
1451
1450
1446
1446
1445
1445
1438
1438
1435
1433
1431
1431
1429
1428
1428
1427
1426
1426
1426
1425
1425
1425
1424
1423
1422
1422
1420
1418
1415
1414
1414
1414
1411
1411
1409
1408
1407
1403
1400
1397
1395
1394
1391
1391
1391
1390
1387
1387
1386
1384
1383
1381
1377
1377
1372
1372
1370
1369
1368
1367
1365
1364
1362
1361
1358
1355
1354
1353
1351
1350
1348
1348
1346
1344
1343
1343
1340
1339
1338
1338
1338
1337
1332
1331
1329
1329
1329
1328
1325
1320
1319
1317
1316
1316
1316
1314
1314
1314
1314
1313
1313
1313
1312
1311
1310
1310
1310
1309
1308
1307
1306
1305
1304
1304
1303
1301
1301
1301
1301
1300
1300
1299
1299
1299
1299
1299
1298
1297
1296
1295
1294
1293
1291
1289
1287
1287
1285
1285
1285
1283
1283
1282
1281
1281
1281
1279
1279
1278
1278
1277
1276
1274
1273
1272
1270
1269
1267
1262
1261
1260
1257
1256
1255
1254
1250
1248
1245
1244
1243
1241
1238
1236
1236
1235
1235
1232
1232
1230
1230
1229
1225
1224
1222
1222
1221
1221
1218
1218
1216
1215
1214
1214
1213
1213
1211
1211
1210
1209
1208
1207
1207
1206
1204
1203
1200
1199
1199
1199
1199
1198
1195
1193
1189
1187
1183
1182
1182
1180
1180
1180
1179
1179
1178
1177
1168
1167
1166
1164
1162
1161
1160
1159
1158
1153
1152
1150
1148
1148
1147
1147
1146
1145
1142
1140
1132
1132
1131
1130
1115
1115
1113
1110
1107
1102
1101
1101
1100
1098
1098
1095
1094
1093
1091
1083
1083
1081
1081
1078
1075
1074
1070
1069
1068
1066
1065
1064
1064
1064
1063
1061
1060
1057
1053
1050
1049
1045
1042
1041
1040
1036
1035
1034
1031
1031
1027
1023
1021
1021
1018
1016
1015
1010
1008
1004
1001
999
997
996
995
994
987
981
981
979
978
977
977
975
974
974
972
971
966
965
964
962
961
950
948
948
941
937
936
935
935
934
931
926
924
923
923
922
920
919
913
912
911
910
902
902
900
898
895
890
888
886
885
881
881
876
872
871
870
869
868
864
862
861
858
858
855
853
846
840
839
838
836
835
833
832
831
827
823
822
818
815
811
811
809
806
803
801
799
798
794
794
790
789
786
785
782
779
778
774
773
770
765
762
761
756
755
754
751
750
746
745
742
740
738
732
732
731
731
720
704
694
692
691
690
688
686
678
665
653
642
641
640
636
632
627
625
608
601
584
582
578
575
573
571
569
555
547
536
536
531
522
520
509
505
505
503
500
494
490
489
487
479
471
466
458
458
450
449
447
446
441
434
431
430
426
426
419
412
411
402
395
388
388
388
381
354
352
347
345
340
334
329
317
297
291
282
269
264
262
249
241
238
232
231
229
225
222
220
215
214
213
212
210
200
200
199
195
184
166
163
157
145
144
139
132
119
114
112
105
104
103
100
98
97
94
93
88
86
84
84
80
80
70
68
67
67
66
65
64
64
64
62
62
62
62
60
60
60
59
59
59
58
58
58
58
58
57
56
56
55
55
55
54
54
54
52
52
52
51
50
50
48
45
44
44
42
40
39
39
35
34
33
33
28
28
22
