1
3
4
7
7
7
9
9
9
9
10
13
13
14
14
15
15
15
17
20
20
21
21
21
22
22
22
25
26
27
27
29
29
30
30
31
31
31
32
32
32
34
35
36
37
38
39
41
44
44
46
47
48
49
50
50
50
51
52
52
53
53
56
57
58
58
59
59
59
60
61
61
62
63
63
63
64
64
65
65
65
66
67
68
71
72
73
74
75
75
76
77
77
77
78
78
78
78
79
80
81
81
82
82
84
85
85
86
86
89
90
90
91
91
92
93
93
94
95
96
97
97
97
98
99
99
100
100
100
100
102
104
105
105
107
108
109
110
110
112
112
113
113
115
116
116
116
116
117
117
117
117
117
118
119
120
120
121
122
124
125
125
126
127
128
128
129
131
131
132
134
135
135
135
136
139
139
139
139
140
144
144
147
150
151
152
153
154
156
157
158
159
160
160
161
162
164
164
166
168
168
169
169
170
171
172
174
175
176
176
176
178
179
179
179
181
182
184
185
188
191
191
191
193
195
195
198
199
200
201
201
201
203
204
205
205
205
209
209
211
211
212
213
214
215
216
216
217
219
220
221
222
222
222
222
224
225
226
227
230
232
233
237
238
238
239
241
242
242
242
243
243
244
245
248
248
248
248
252
252
252
254
255
255
256
256
257
259
260
260
262
262
263
264
265
266
268
269
270
271
271
271
272
273
274
274
275
276
277
280
282
283
284
285
285
286
288
288
289
291
292
292
293
293
294
294
294
297
297
298
298
299
299
300
301
302
302
303
304
305
306
306
306
308
308
310
311
312
313
316
316
316
317
320
322
323
323
324
325
326
326
326
329
330
330
332
335
336
337
338
339
339
339
339
340
342
343
343
345
345
346
347
348
349
349
350
351
351
353
354
354
354
357
358
358
358
358
359
359
363
363
