1749.049	58
1749.129	62.6
1749.21	70
1749.294	55.7
1749.377	85
1749.461	83.5
1749.544	94.8
1749.629	66.3
1749.713	75.9
1749.796	75.5
1749.88	158.6
1749.963	85.2
1750.048	73.3
1750.129	75.9
1750.209	89.2
1750.293	88.3
1750.376	90
1750.46	100
1750.543	85.4
1750.628	103
1750.712	91.2
1750.795	65.7
1750.879	63.3
1750.962	75.4
1751.047	70
1751.128	43.5
1751.209	45.3
1751.292	56.4
1751.376	60.7
1751.459	50.7
1751.543	66.3
1751.628	59.8
1751.711	23.5
1751.795	23.2
1751.878	28.5
1751.962	44
1752.047	35
1752.129	50
1752.211	71
1752.294	59.3
1752.378	59.7
1752.461	39.6
1752.545	78.4
1752.63	29.3
1752.713	27.1
1752.797	46.6
1752.88	37.6
1752.964	40
1753.049	44
1753.129	32
1753.21	45.7
1753.294	38
1753.377	36
1753.461	31.7
1753.544	22
1753.629	39
1753.713	28
1753.796	25
1753.88	20
1753.963	6.7
1754.048	0
1754.129	3
1754.209	1.7
1754.293	13.7
1754.376	20.7
1754.46	26.7
1754.543	18.8
1754.628	12.3
1754.712	8.2
1754.795	24.1
1754.879	13.2
1754.962	4.2
1755.047	10.2
1755.128	11.2
1755.209	6.8
1755.292	6.5
1755.376	0
1755.459	0
1755.543	8.6
1755.628	3.2
1755.711	17.8
1755.795	23.7
1755.878	6.8
1755.962	20
1756.047	12.5
1756.129	7.1
1756.211	5.4
1756.294	9.4
1756.378	12.5
1756.461	12.9
1756.545	3.6
1756.63	6.4
1756.713	11.8
1756.797	14.3
1756.88	17
1756.964	9.4
1757.049	14.1
1757.129	21.2
1757.21	26.2
1757.294	30
1757.377	38.1
1757.461	12.8
1757.544	25
1757.629	51.3
1757.713	39.7
1757.796	32.5
1757.88	64.7
1757.963	33.5
1758.048	37.6
1758.129	52
1758.209	49
1758.293	72.3
1758.376	46.4
1758.46	45
1758.543	44
1758.628	38.7
1758.712	62.5
1758.795	37.7
1758.879	43
1758.962	43
1759.047	48.3
1759.128	44
1759.209	46.8
1759.292	47
1759.376	49
1759.459	50
1759.543	51
1759.628	71.3
1759.711	77.2
1759.795	59.7
1759.878	46.3
1759.962	57
1760.047	67.3
1760.129	59.5
1760.211	74.7
1760.294	58.3
1760.378	72
1760.461	48.3
1760.545	66
1760.63	75.6
1760.713	61.3
1760.797	50.6
1760.88	59.7
1760.964	61
1761.049	70
1761.129	91
1761.21	80.7
1761.294	71.7
1761.377	107.2
1761.461	99.3
1761.544	94.1
1761.629	91.1
1761.713	100.7
1761.796	88.7
1761.88	89.7
1761.963	46
1762.048	43.8
1762.129	72.8
1762.209	45.7
1762.293	60.2
1762.376	39.9
1762.46	77.1
1762.543	33.8
1762.628	67.7
1762.712	68.5
1762.795	69.3
1762.879	77.8
1762.962	77.2
1763.047	56.5
1763.128	31.9
1763.209	34.2
1763.292	32.9
1763.376	32.7
1763.459	35.8
1763.543	54.2
1763.628	26.5
1763.711	68.1
1763.795	46.3
1763.878	60.9
1763.962	61.4
1764.047	59.7
1764.129	59.7
1764.211	40.2
1764.294	34.4
1764.378	44.3
1764.461	30
1764.545	30
1764.63	30
1764.713	28.2
1764.797	28
1764.88	26
1764.964	25.7
1765.049	24
1765.129	26
1765.21	25
1765.294	22
1765.377	20.2
1765.461	20
1765.544	27
1765.629	29.7
1765.713	16
1765.796	14
1765.88	14
1765.963	13
1766.048	12
1766.129	11
1766.209	36.6
1766.293	6
1766.376	26.8
1766.46	3
1766.543	3.3
1766.628	4
1766.712	4.3
1766.795	5
1766.879	5.7
1766.962	19.2
1767.047	27.4
1767.128	30
1767.209	43
1767.292	32.9
1767.376	29.8
1767.459	33.3
1767.543	21.9
1767.628	40.8
1767.711	42.7
1767.795	44.1
1767.878	54.7
1767.962	53.3
1768.047	53.5
1768.129	66.1
1768.211	46.3
1768.294	42.7
1768.378	77.7
1768.461	77.4
1768.545	52.6
1768.63	66.8
1768.713	74.8
1768.797	77.8
1768.88	90.6
1768.964	111.8
1769.049	73.9
1769.129	64.2
1769.21	64.3
1769.294	96.7
1769.377	73.6
1769.461	94.4
1769.544	118.6
1769.629	120.3
1769.713	148.8
1769.796	158.2
1769.88	148.1
1769.963	112
1770.048	104
1770.129	142.5
1770.209	80.1
1770.293	51
1770.376	70.1
1770.46	83.3
1770.543	109.8
1770.628	126.3
1770.712	104.4
1770.795	103.6
1770.879	132.2
1770.962	102.3
1771.047	36
1771.128	46.2
1771.209	46.7
1771.292	64.9
1771.376	152.7
1771.459	119.5
1771.543	67.7
1771.628	58.5
1771.711	101.4
1771.795	90
1771.878	99.7
1771.962	95.7
1772.047	100.9
1772.129	90.8
1772.211	31.1
1772.294	92.2
1772.378	38
1772.461	57
1772.545	77.3
1772.63	56.2
1772.713	50.5
1772.797	78.6
1772.88	61.3
1772.964	64
1773.049	54.6
1773.129	29
1773.21	51.2
1773.294	32.9
1773.377	41.1
1773.461	28.4
1773.544	27.7
1773.629	12.7
1773.713	29.3
1773.796	26.3
1773.88	40.9
1773.963	43.2
1774.048	46.8
1774.129	65.4
1774.209	55.7
1774.293	43.8
1774.376	51.3
1774.46	28.5
1774.543	17.5
1774.628	6.6
1774.712	7.9
1774.795	14
1774.879	17.7
1774.962	12.2
1775.047	4.4
1775.128	0
1775.209	11.6
1775.292	11.2
1775.376	3.9
1775.459	12.3
1775.543	1
1775.628	7.9
1775.711	3.2
1775.795	5.6
1775.878	15.1
1775.962	7.9
1776.047	21.7
1776.129	11.6
1776.211	6.3
1776.294	21.8
1776.378	11.2
1776.461	19
1776.545	1
1776.63	24.2
1776.713	16
1776.797	30
1776.88	35
1776.964	40
1777.049	45
1777.129	36.5
1777.21	39
1777.294	95.5
1777.377	80.3
1777.461	80.7
1777.544	95
1777.629	112
1777.713	116.2
1777.796	106.5
1777.88	146
1777.963	157.3
1778.048	177.3
1778.129	109.3
1778.209	134
1778.293	145
1778.376	238.9
1778.46	171.6
1778.543	153
1778.628	140
1778.712	171.7
1778.795	156.3
1778.879	150.3
1778.962	105
1779.047	114.7
1779.128	165.7
1779.209	118
1779.292	145
1779.376	140
1779.459	113.7
1779.543	143
1779.628	112
1779.711	111
1779.795	124
1779.878	114
1779.962	110
1780.047	70
1780.129	98
1780.211	98
1780.294	95
1780.378	107.2
1780.461	88
1780.545	86
1780.63	86
1780.713	93.7
1780.797	77
1780.88	60
1780.964	58.7
1781.049	98.7
1781.129	74.7
1781.21	53
1781.294	68.3
1781.377	104.7
1781.461	97.7
1781.544	73.5
1781.629	66
1781.713	51
1781.796	27.3
1781.88	67
1781.963	35.2
1782.048	54
1782.129	37.5
1782.209	37
1782.293	41
1782.376	54.3
1782.46	38
1782.543	37
1782.628	44
1782.712	34
1782.795	23.2
1782.879	31.5
1782.962	30
1783.047	28
1783.128	38.7
1783.209	26.7
1783.292	28.3
1783.376	23
1783.459	25.2
1783.543	32.2
1783.628	20
1783.711	18
1783.795	8
1783.878	15
1783.962	10.5
1784.047	13
1784.129	8
1784.211	11
1784.294	10
1784.378	6
1784.461	9
1784.545	6
1784.63	10
1784.713	10
1784.797	8
1784.88	17
1784.964	14
1785.049	6.5
1785.129	8
1785.21	9
1785.294	15.7
1785.377	20.7
1785.461	26.3
1785.544	36.3
1785.629	20
1785.713	32
1785.796	47.2
1785.88	40.2
1785.963	27.3
1786.048	37.2
1786.129	47.6
1786.209	47.7
1786.293	85.4
1786.376	92.3
1786.46	59
1786.543	83
1786.628	89.7
1786.712	111.5
1786.795	112.3
1786.879	116
1786.962	112.7
1787.047	134.7
1787.128	106
1787.209	87.4
1787.292	127.2
1787.376	134.8
1787.459	99.2
1787.543	128
1787.628	137.2
1787.711	157.3
1787.795	157
1787.878	141.5
1787.962	174
1788.047	138
1788.129	129.2
1788.211	143.3
1788.294	108.5
1788.378	113
1788.461	154.2
1788.545	141.5
1788.63	136
1788.713	141
1788.797	142
1788.88	94.7
1788.964	129.5
1789.049	114
1789.129	125.3
1789.21	120
1789.294	123.3
1789.377	123.5
1789.461	120
1789.544	117
1789.629	103
1789.713	112
1789.796	89.7
1789.88	134
1789.963	135.5
1790.048	103
1790.129	127.5
1790.209	96.3
1790.293	94
1790.376	93
1790.46	91
1790.543	69.3
1790.628	87
1790.712	77.3
1790.795	84.3
1790.879	82
1790.962	74
1791.047	72.7
1791.128	62
1791.209	74
1791.292	77.2
1791.376	73.7
1791.459	64.2
1791.543	71
1791.628	43
1791.711	66.5
1791.795	61.7
1791.878	67
1791.962	66
1792.047	58
1792.129	64
1792.211	63
1792.294	75.7
1792.378	62
1792.461	61
1792.545	45.8
1792.63	60
1792.713	59
1792.797	59
1792.88	57
1792.964	56
1793.049	56
1793.129	55
1793.21	55.5
1793.294	53
1793.377	52.3
1793.461	51
1793.544	50
1793.629	29.3
1793.713	24
1793.796	47
1793.88	44
1793.963	45.7
1794.048	45
1794.129	44
1794.209	38
1794.293	28.4
1794.376	55.7
1794.46	41.5
1794.543	41
1794.628	40
1794.712	11.1
1794.795	28.5
1794.879	67.4
1794.962	51.4
1795.047	21.4
1795.128	39.9
1795.209	12.6
1795.292	18.6
1795.376	31
1795.459	17.1
1795.543	12.9
1795.628	25.7
1795.711	13.5
1795.795	19.5
1795.878	25
1795.962	18
1796.047	22
1796.129	23.8
1796.211	15.7
1796.294	31.7
1796.378	21
1796.461	6.7
1796.545	26.9
1796.63	1.5
1796.713	18.4
1796.797	11
1796.88	8.4
1796.964	5.1
1797.049	14.4
1797.129	4.2
1797.21	4
1797.294	4
1797.377	7.3
1797.461	11.1
1797.544	4.3
1797.629	6
1797.713	5.7
1797.796	6.9
1797.88	5.8
1797.963	3
1798.048	2
1798.129	4
1798.209	12.4
1798.293	1.1
1798.376	0
1798.46	0
1798.543	0
1798.628	3
1798.712	2.4
1798.795	1.5
1798.879	12.5
1798.962	9.9
1799.047	1.6
1799.128	12.6
1799.209	21.7
1799.292	8.4
1799.376	8.2
1799.459	10.6
1799.543	2.1
1799.628	0
1799.711	0
1799.795	4.6
1799.878	2.7
1799.962	8.6
1800.047	6.9
1800.127	9.3
1800.208	13.9
1800.292	0
1800.375	5
1800.459	23.7
1800.542	21
1800.627	19.5
1800.71	11.5
1800.794	12.3
1800.877	10.5
1800.961	40.1
1801.046	27
1801.127	29
1801.207	30
1801.291	31
1801.374	32
1801.458	31.2
1801.541	35
1801.626	38.7
1801.71	33.5
1801.793	32.6
1801.877	39.8
1801.96	48.2
1802.045	47.8
1802.126	47
1802.207	40.8
1802.29	42
1802.374	44
1802.457	46
1802.541	48
1802.626	50
1802.709	51.8
1802.793	38.5
1802.876	34.5
1802.96	50
1803.044	50
1803.125	50.8
1803.206	29.5
1803.29	25
1803.373	44.3
1803.457	36
1803.54	48.3
1803.625	34.1
1803.708	45.3
1803.792	54.3
1803.875	51
1803.959	48
1804.044	45.3
1804.126	48.3
1804.208	48
1804.292	50.6
1804.375	33.4
1804.459	34.8
1804.542	29.8
1804.627	43.1
1804.71	53
1804.794	62.3
1804.877	61
1804.961	60
1805.046	61
1805.127	44.1
1805.207	51.4
1805.291	37.5
1805.374	39
1805.458	40.5
1805.541	37.6
1805.626	42.7
1805.71	44.4
1805.793	29.4
1805.877	41
1805.96	38.3
1806.045	39
1806.126	29.6
1806.207	32.7
1806.29	27.7
1806.374	26.4
1806.457	25.6
1806.541	30
1806.626	26.3
1806.709	24
1806.793	27
1806.876	25
1806.96	24
1807.044	12
1807.125	12.2
1807.206	9.6
1807.29	23.8
1807.373	10
1807.457	12
1807.54	12.7
1807.625	12
1807.708	5.7
1807.792	8
1807.875	2.6
1807.959	0
1808.044	0
1808.126	4.5
1808.208	0
1808.292	12.3
1808.375	13.5
1808.459	13.5
1808.542	6.7
1808.627	8
1808.71	11.7
1808.794	4.7
1808.877	10.5
1808.961	12.3
1809.046	7.2
1809.127	9.2
1809.207	0.9
1809.291	2.5
1809.374	2
1809.458	7.7
1809.541	0.3
1809.626	0.2
1809.71	0.4
1809.793	0
1809.877	0
1809.96	0
1810.045	0
1810.126	0
1810.207	0
1810.29	0
1810.374	0
1810.457	0
1810.541	0
1810.626	0
1810.709	0
1810.793	0
1810.876	0
1810.96	0
1811.044	0
1811.125	0
1811.206	0
1811.29	0
1811.373	0
1811.457	0
1811.54	6.6
1811.625	0
1811.708	2.4
1811.792	6.1
1811.875	0.8
1811.959	1.1
1812.044	11.3
1812.126	1.9
1812.208	0.7
1812.292	0
1812.375	1
1812.459	1.3
1812.542	0.5
1812.627	15.6
1812.71	5.2
1812.794	3.9
1812.877	7.9
1812.961	10.1
1813.046	0
1813.127	10.3
1813.207	1.9
1813.291	16.6
1813.374	5.5
1813.458	11.2
1813.541	18.3
1813.626	8.4
1813.71	15.3
1813.793	27.8
1813.877	16.7
1813.96	14.3
1814.045	22.2
1814.126	12
1814.207	5.7
1814.29	23.8
1814.374	5.8
1814.457	14.9
1814.541	18.5
1814.626	2.3
1814.709	8.1
1814.793	19.3
1814.876	14.5
1814.96	20.1
1815.044	19.2
1815.125	32.2
1815.206	26.2
1815.29	31.6
1815.373	9.8
1815.457	55.9
1815.54	35.5
1815.625	47.2
1815.708	31.5
1815.792	33.5
1815.875	37.2
1815.959	65
1816.044	26.3
1816.126	68.8
1816.208	73.7
1816.292	58.8
1816.375	44.3
1816.459	43.6
1816.542	38.8
1816.627	23.2
1816.71	47.8
1816.794	56.4
1816.877	38.1
1816.961	29.9
1817.046	36.4
1817.127	57.9
1817.207	96.2
1817.291	26.4
1817.374	21.2
1817.458	40
1817.541	50
1817.626	45
1817.71	36.7
1817.793	25.6
1817.877	28.9
1817.96	28.4
1818.045	34.9
1818.126	22.4
1818.207	25.4
1818.29	34.5
1818.374	53.1
1818.457	36.4
1818.541	28
1818.626	31.5
1818.709	26.1
1818.793	31.6
1818.876	10.9
1818.96	25.8
1819.044	32.8
1819.125	20.7
1819.206	3.7
1819.29	20.2
1819.373	19.6
1819.457	35
1819.54	31.4
1819.625	26.1
1819.708	14.9
1819.792	27.5
1819.875	25.1
1819.959	30.6
1820.044	19.2
1820.126	26.6
1820.208	4.5
1820.292	19.4
1820.375	29.3
1820.459	10.8
1820.542	20.6
1820.627	25.9
1820.71	5.2
1820.794	8.9
1820.877	7.9
1820.961	9.1
1821.046	21.5
1821.127	4.2
1821.207	5.7
1821.291	9.2
1821.374	1.7
1821.458	1.8
1821.541	2.5
1821.626	4.8
1821.71	4.4
1821.793	18.8
1821.877	4.4
1821.96	0.2
1822.045	0
1822.126	0.9
1822.207	16.1
1822.29	13.5
1822.374	1.5
1822.457	5.6
1822.541	7.9
1822.626	2.1
1822.709	0
1822.793	0.4
1822.876	0
1822.96	0
1823.044	0
1823.125	0
1823.206	0.6
1823.29	0
1823.373	0
1823.457	0
1823.54	0.5
1823.625	0
1823.708	0
1823.792	0
1823.875	0
1823.959	20.4
1824.044	21.7
1824.126	10.8
1824.208	0
1824.292	19.4
1824.375	2.8
1824.459	0
1824.542	0
1824.627	1.4
1824.71	20.5
1824.794	25.2
1824.877	0
1824.961	0.8
1825.046	5
1825.127	15.5
1825.207	22.4
1825.291	3.8
1825.374	15.5
1825.458	15.4
1825.541	30.9
1825.626	25.7
1825.71	15.7
1825.793	15.6
1825.877	11.7
1825.96	22
1826.045	17.7
1826.126	18.2
1826.207	36.7
1826.29	24
1826.374	32.4
1826.457	37.1
1826.541	52.5
1826.626	39.6
1826.709	18.9
1826.793	50.6
1826.876	39.5
1826.96	68.1
1827.044	34.6
1827.125	47.4
1827.206	57.8
1827.29	46
1827.373	56.3
1827.457	56.7
1827.54	42.3
1827.625	53.7
1827.708	49.6
1827.792	56.1
1827.875	48.2
1827.959	46.1
1828.044	52.8
1828.126	64.4
1828.208	65
1828.292	61.1
1828.375	89.1
1828.459	98
1828.542	54.2
1828.627	76.4
1828.71	50.4
1828.794	54.7
1828.877	57
1828.961	46.9
1829.046	43
1829.127	49.4
1829.207	72.3
1829.291	95
1829.374	67.4
1829.458	73.9
1829.541	90.8
1829.626	77.6
1829.71	52.8
1829.793	57.2
1829.877	67.6
1829.96	56.5
1830.045	52.2
1830.126	72.1
1830.207	84.6
1830.29	106.3
1830.374	66.3
1830.457	65.1
1830.541	43.9
1830.626	50.7
1830.709	62.1
1830.793	84.4
1830.876	81.2
1830.96	82.1
1831.044	47.5
1831.125	50.1
1831.206	93.4
1831.29	54.5
1831.373	38.1
1831.457	33.4
1831.54	45.2
1831.625	55
1831.708	37.9
1831.792	46.3
1831.875	43.5
1831.959	28.9
1832.044	30.9
1832.126	55.6
1832.208	55.1
1832.292	26.9
1832.375	41.3
1832.459	26.7
1832.542	14
1832.627	8.9
1832.71	8.2
1832.794	21.1
1832.877	14.3
1832.961	27.5
1833.046	11.3
1833.127	14.9
1833.207	11.8
1833.291	2.8
1833.374	12.9
1833.458	1
1833.541	7
1833.626	5.7
1833.71	11.6
1833.793	7.5
1833.877	5.9
1833.96	9.9
1834.045	4.9
1834.126	18.1
1834.207	3.9
1834.29	1.4
1834.374	8.8
1834.457	7.8
1834.541	8.7
1834.626	4
1834.709	11.5
1834.793	24.8
1834.876	30.5
1834.96	34.5
1835.044	7.5
1835.125	24.5
1835.206	19.7
1835.29	61.5
1835.373	43.6
1835.457	33.2
1835.54	59.8
1835.625	59
1835.708	100.8
1835.792	95.2
1835.875	100
1835.959	77.5
1836.044	88.6
1836.126	107.6
1836.208	98.2
1836.292	142.9
1836.375	111.4
1836.459	124.7
1836.542	116.7
1836.627	107.8
1836.71	95.1
1836.794	137.4
1836.877	120.9
1836.961	206.2
1837.046	188
1837.127	175.6
1837.207	134.6
1837.291	138.2
1837.374	111.7
1837.458	158
1837.541	162.8
1837.626	134
1837.71	96.3
1837.793	123.7
1837.877	107
1837.96	129.8
1838.045	144.9
1838.126	84.8
1838.207	140.8
1838.29	126.6
1838.374	137.6
1838.457	94.5
1838.541	108.2
1838.626	78.8
1838.709	73.6
1838.793	90.8
1838.876	77.4
1838.96	79.8
1839.044	105.6
1839.125	102.5
1839.206	77.7
1839.29	61.8
1839.373	53.8
1839.457	54.6
1839.54	84.8
1839.625	131.2
1839.708	132.7
1839.792	90.9
1839.875	68.8
1839.959	63.7
1840.044	81.2
1840.126	87.7
1840.208	67.8
1840.292	65.9
1840.375	69.2
1840.459	48.5
1840.542	60.7
1840.627	57.8
1840.71	74
1840.794	55
1840.877	54.3
1840.961	53.7
1841.046	24.1
1841.127	29.9
1841.207	29.7
1841.291	40.2
1841.374	67.5
1841.458	55.7
1841.541	30.8
1841.626	39.3
1841.71	36.5
1841.793	28.5
1841.877	19.8
1841.96	38.8
1842.045	20.4
1842.126	22.1
1842.207	21.7
1842.29	26.9
1842.374	24.9
1842.457	20.5
1842.541	12.6
1842.626	26.6
1842.709	18.4
1842.793	38.1
1842.876	40.5
1842.96	17.6
1843.044	13.3
1843.125	3.5
1843.206	8.3
1843.29	9.5
1843.373	21.1
1843.457	10.5
1843.54	9.5
1843.625	11.8
1843.708	4.2
1843.792	5.3
1843.875	19.1
1843.959	12.7
1844.044	9.4
1844.126	14.7
1844.208	13.6
1844.292	20.8
1844.375	11.6
1844.459	3.7
1844.542	21.2
1844.627	23.9
1844.71	7
1844.794	21.5
1844.877	10.7
1844.961	21.6
1845.046	25.7
1845.127	43.6
1845.207	43.3
1845.291	57
1845.374	47.8
1845.458	31.1
1845.541	30.6
1845.626	32.3
1845.71	29.6
1845.793	40.7
1845.877	39.4
1845.96	59.7
1846.045	38.7
1846.126	51
1846.207	63.9
1846.29	69.3
1846.374	59.9
1846.457	65.1
1846.541	46.5
1846.626	54.8
1846.709	107.1
1846.793	55.9
1846.876	60.4
1846.96	65.5
1847.044	62.6
1847.125	44.9
1847.206	85.7
1847.29	44.7
1847.373	75.4
1847.457	85.3
1847.54	52.2
1847.625	140.6
1847.708	160.9
1847.792	180.4
1847.875	138.9
1847.959	109.6
1848.044	159.1
1848.126	111.8
1848.208	108.6
1848.292	107.1
1848.375	102.2
1848.459	129
1848.542	139.2
1848.627	132.6
1848.71	100.3
1848.794	132.4
1848.877	114.6
1848.961	159.5
1849.046	157
1849.127	131.8
1849.207	96.2
1849.291	102.5
1849.374	80.6
1849.458	81.1
1849.541	78
1849.626	67.7
1849.71	93.7
1849.793	71.5
1849.877	99
1849.96	97
1850.045	78
1850.126	89.4
1850.207	82.6
1850.29	44.1
1850.374	61.6
1850.457	70
1850.541	39.1
1850.626	61.6
1850.709	86.2
1850.793	71
1850.876	54.8
1850.96	61
1851.044	75.5
1851.125	105.4
1851.206	64.6
1851.29	56.5
1851.373	62.6
1851.457	63.2
1851.54	36.1
1851.625	57.4
1851.708	67.9
1851.792	62.5
1851.875	51
1851.959	71.4
1852.044	68.4
1852.126	66.4
1852.208	61.2
1852.292	65.4
1852.375	54.9
1852.459	46.9
1852.542	42.1
1852.627	39.7
1852.71	37.5
1852.794	67.3
1852.877	54.3
1852.961	45.4
1853.046	41.1
1853.127	42.9
1853.207	37.7
1853.291	47.6
1853.374	34.7
1853.458	40
1853.541	45.9
1853.626	50.5
1853.71	33.5
1853.793	42.4
1853.877	28.8
1853.96	23.4
1854.045	15.4
1854.126	20
1854.207	20.7
1854.29	26.5
1854.374	24
1854.457	21.1
1854.541	18.7
1854.626	15.8
1854.709	22.4
1854.793	12.6
1854.876	28.2
1854.96	21.6
1855.044	12.3
1855.125	11.4
1855.206	17.4
1855.29	4.4
1855.373	9.1
1855.457	5.3
1855.54	0.4
1855.625	3.1
1855.708	0
1855.792	9.6
1855.875	4.2
1855.959	3.1
1856.044	0.5
1856.126	4.9
1856.208	0.4
1856.292	6.5
1856.375	0
1856.459	5.2
1856.542	4.6
1856.627	5.9
1856.71	4.4
1856.794	4.5
1856.877	7.7
1856.961	7.2
1857.046	13.7
1857.127	7.4
1857.207	5.2
1857.291	11.1
1857.374	28.5
1857.458	16
1857.541	22.2
1857.626	16.9
1857.71	42.4
1857.793	40.6
1857.877	31.4
1857.96	37.2
1858.045	39
1858.126	34.9
1858.207	57.5
1858.29	38.3
1858.374	41.4
1858.457	44.5
1858.541	56.7
1858.626	55.3
1858.709	80.1
1858.793	91.2
1858.876	51.9
1858.96	66.9
1859.044	83.7
1859.125	87.6
1859.206	90.3
1859.29	85.7
1859.373	91
1859.457	87.1
1859.54	95.2
1859.625	106.8
1859.708	105.8
1859.792	114.6
1859.875	97.2
1859.959	81
1860.044	82.4
1860.126	88.3
1860.208	98.9
1860.292	71.4
1860.375	107.1
1860.459	108.6
1860.542	116.7
1860.627	100.3
1860.71	92.2
1860.794	90.1
1860.877	97.9
1860.961	95.6
1861.046	62.3
1861.127	77.7
1861.207	101
1861.291	98.5
1861.374	56.8
1861.458	88.1
1861.541	78
1861.626	82.5
1861.71	79.9
1861.793	67.2
1861.877	53.7
1861.96	80.5
1862.045	63.1
1862.126	64.5
1862.207	43.6
1862.29	53.7
1862.374	64.4
1862.457	84
1862.541	73.4
1862.626	62.5
1862.709	66.6
1862.793	41.9
1862.876	50.6
1862.96	40.9
1863.044	48.3
1863.125	56.7
1863.206	66.4
1863.29	40.6
1863.373	53.8
1863.457	40.8
1863.54	32.7
1863.625	48.1
1863.708	22
1863.792	39.9
1863.875	37.7
1863.959	41.2
1864.044	57.7
1864.126	47.1
1864.208	66.3
1864.292	35.8
1864.375	40.6
1864.459	57.8
1864.542	54.7
1864.627	54.8
1864.71	28.5
1864.794	33.9
1864.877	57.6
1864.961	28.6
1865.046	48.7
1865.127	39.3
1865.207	39.5
1865.291	29.4
1865.374	34.5
1865.458	33.6
1865.541	26.8
1865.626	37.8
1865.71	21.6
1865.793	17.1
1865.877	24.6
1865.96	12.8
1866.045	31.6
1866.126	38.4
1866.207	24.5
1866.29	17.6
1866.374	12.9
1866.457	16.5
1866.541	9.3
1866.626	12.7
1866.709	7.3
1866.793	14.1
1866.876	9
1866.96	1.5
1867.044	0
1867.125	0.7
1867.206	9.2
1867.29	5.1
1867.373	2.9
1867.457	1.5
1867.54	5
1867.625	4.8
1867.708	9.8
1867.792	13.5
1867.875	9.6
1867.959	25.2
1868.044	15.5
1868.126	15.7
1868.208	26.5
1868.292	36.6
1868.375	26.7
1868.459	31.1
1868.542	29
1868.627	34.4
1868.71	47.2
1868.794	61.6
1868.877	59.1
1868.961	67.6
1869.046	60.9
1869.127	59.9
1869.207	52.7
1869.291	41
1869.374	103.9
1869.458	108.4
1869.541	59.2
1869.626	79.6
1869.71	80.6
1869.793	59.3
1869.877	78.1
1869.96	104.4
1870.045	77.3
1870.126	114.9
1870.207	157.5
1870.29	160
1870.374	176
1870.457	135.6
1870.541	132.4
1870.626	153.8
1870.709	136
1870.793	146.4
1870.876	147.5
1870.96	130
1871.044	88.3
1871.125	125.3
1871.206	143.2
1871.29	162.4
1871.373	145.5
1871.457	91.7
1871.54	103
1871.625	110.1
1871.708	80.3
1871.792	89
1871.875	105.4
1871.959	90.4
1872.044	79.5
1872.126	120.1
1872.208	88.4
1872.292	102.1
1872.375	107.6
1872.459	109.9
1872.542	105.5
1872.627	92.9
1872.71	114.6
1872.794	102.6
1872.877	112
1872.961	83.9
1873.046	86.7
1873.127	107
1873.207	98.3
1873.291	76.2
1873.374	47.9
1873.458	44.8
1873.541	66.9
1873.626	68.2
1873.71	47.1
1873.793	47.1
1873.877	55.4
1873.96	49.2
1874.045	60.8
1874.126	64.2
1874.207	46.4
1874.29	32
1874.374	44.6
1874.457	38.2
1874.541	67.8
1874.626	61.3
1874.709	28
1874.793	34.3
1874.876	28.9
1874.96	29.3
1875.044	14.6
1875.125	21.5
1875.206	33.8
1875.29	29.1
1875.373	11.5
1875.457	23.9
1875.54	12.5
1875.625	14.6
1875.708	2.4
1875.792	12.7
1875.875	17.7
1875.959	9.9
1876.044	14.3
1876.126	15
1876.208	30.6
1876.292	2.3
1876.375	5.1
1876.459	1.6
1876.542	15.2
1876.627	8.8
1876.71	9.9
1876.794	14.3
1876.877	9.9
1876.961	8.2
1877.046	24.4
1877.127	8.7
1877.207	11.9
1877.291	15.8
1877.374	21.6
1877.458	14.2
1877.541	6
1877.626	6.3
1877.71	16.9
1877.793	6.7
1877.877	14.2
1877.96	2.2
1878.045	3.3
1878.126	6.6
1878.207	7.8
1878.29	0.1
1878.374	5.9
1878.457	6.4
1878.541	0.1
1878.626	0
1878.709	5.3
1878.793	1.1
1878.876	4.1
1878.96	0.5
1879.044	1
1879.125	0.6
1879.206	0
1879.29	6.2
1879.373	2.4
1879.457	4.8
1879.54	7.5
1879.625	10.7
1879.708	6.1
1879.792	12.3
1879.875	13.1
1879.959	7.3
1880.044	24
1880.126	27.2
1880.208	19.3
1880.292	19.5
1880.375	23.5
1880.459	34.1
1880.542	21.9
1880.627	48.1
1880.71	66
1880.794	43
1880.877	30.7
1880.961	29.6
1881.046	36.4
1881.127	53.2
1881.207	51.5
1881.291	51.6
1881.374	43.5
1881.458	60.5
1881.541	76.9
1881.626	58.4
1881.71	53.2
1881.793	64.4
1881.877	54.8
1881.96	47.3
1882.045	45
1882.126	69.5
1882.207	66.8
1882.29	95.8
1882.374	64.1
1882.457	45.2
1882.541	45.4
1882.626	40.4
1882.709	57.7
1882.793	59.2
1882.876	84.4
1882.96	41.8
1883.044	60.6
1883.125	46.9
1883.206	42.8
1883.29	82.1
1883.373	31.5
1883.457	76.3
1883.54	80.6
1883.625	46
1883.708	52.6
1883.792	83.8
1883.875	84.5
1883.959	75.9
1884.044	91.5
1884.126	86.9
1884.208	87.5
1884.292	76.1
1884.375	66.5
1884.459	51.2
1884.542	53.1
1884.627	55.8
1884.71	61.9
1884.794	47.8
1884.877	36.6
1884.961	47.2
1885.046	42.8
1885.127	71.8
1885.207	49.8
1885.291	55
1885.374	73
1885.458	83.7
1885.541	66.5
1885.626	50
1885.71	39.6
1885.793	38.7
1885.877	30.9
1885.96	21.7
1886.045	29.9
1886.126	25.9
1886.207	57.3
1886.29	43.7
1886.374	30.7
1886.457	27.1
1886.541	30.3
1886.626	16.9
1886.709	21.4
1886.793	8.6
1886.876	0.3
1886.96	13
1887.044	10.3
1887.125	13.2
1887.206	4.2
1887.29	6.9
1887.373	20
1887.457	15.7
1887.54	23.4
1887.625	21.4
1887.708	7.4
1887.792	6.6
1887.875	6.9
1887.959	20.7
1888.044	12.7
1888.126	7.1
1888.208	7.8
1888.292	5.1
1888.375	7
1888.459	7.1
1888.542	3.1
1888.627	2.8
1888.71	8.8
1888.794	2.1
1888.877	10.7
1888.961	6.7
1889.046	0.8
1889.127	8.5
1889.207	6.7
1889.291	4.3
1889.374	2.4
1889.458	6.4
1889.541	9.4
1889.626	20.6
1889.71	6.5
1889.793	2.1
1889.877	0.2
1889.96	6.7
1890.045	5.3
1890.126	0.6
1890.207	5.1
1890.29	1.6
1890.374	4.8
1890.457	1.3
1890.541	11.6
1890.626	8.5
1890.709	17.2
1890.793	11.2
1890.876	9.6
1890.96	7.8
1891.044	13.5
1891.125	22.2
1891.206	10.4
1891.29	20.5
1891.373	41.1
1891.457	48.3
1891.54	58.8
1891.625	33
1891.708	53.8
1891.792	51.5
1891.875	41.9
1891.959	32.5
1892.044	69.1
1892.126	75.6
1892.208	49.9
1892.292	69.6
1892.375	79.6
1892.459	76.3
1892.542	76.5
1892.627	101.4
1892.71	62.8
1892.794	70.5
1892.877	65.4
1892.961	78.6
1893.046	75
1893.127	73
1893.207	65.7
1893.291	88.1
1893.374	84.7
1893.458	89.9
1893.541	88.6
1893.626	129.2
1893.71	77.9
1893.793	80
1893.877	75.1
1893.96	93.8
1894.045	83.2
1894.126	84.6
1894.207	52.3
1894.29	81.6
1894.374	101.2
1894.457	98.9
1894.541	106
1894.626	70.3
1894.709	65.9
1894.793	75.5
1894.876	56.6
1894.96	60
1895.044	63.3
1895.125	67.2
1895.206	61
1895.29	76.9
1895.373	67.5
1895.457	71.5
1895.54	47.8
1895.625	68.9
1895.708	57.7
1895.792	67.9
1895.875	47.2
1895.959	70.7
1896.044	29
1896.126	57.4
1896.208	52
1896.292	43.8
1896.375	27.7
1896.459	49
1896.542	45
1896.627	27.2
1896.71	61.3
1896.794	28.7
1896.877	38
1896.961	42.6
1897.046	40.6
1897.127	29.4
1897.207	29.1
1897.291	31
1897.374	20
1897.458	11.3
1897.541	27.6
1897.626	21.8
1897.71	48.1
1897.793	14.3
1897.877	8.4
1897.96	33.3
1898.045	30.2
1898.126	36.4
1898.207	38.3
1898.29	14.5
1898.374	25.8
1898.457	22.3
1898.541	9
1898.626	31.4
1898.709	34.8
1898.793	34.4
1898.876	30.9
1898.96	12.6
1899.044	19.5
1899.125	9.2
1899.206	18.1
1899.29	14.2
1899.373	7.7
1899.457	20.5
1899.54	13.5
1899.625	2.9
1899.708	8.4
1899.792	13
1899.875	7.8
1899.959	10.5
1900.044	9.4
1900.125	13.6
1900.205	8.6
1900.289	16
1900.372	15.2
1900.456	12.1
1900.539	8.3
1900.624	4.3
1900.708	8.3
1900.791	12.9
1900.875	4.5
1900.958	0.3
1901.043	0.2
1901.124	2.4
1901.205	4.5
1901.288	0
1901.372	10.2
1901.455	5.8
1901.539	0.7
1901.624	1
1901.707	0.6
1901.791	3.7
1901.874	3.8
1901.958	0
1902.042	5.5
1902.123	0
1902.204	12.4
1902.287	0
1902.371	2.8
1902.454	1.4
1902.538	0.9
1902.623	2.3
1902.706	7.6
1902.79	16.3
1902.873	10.3
1902.957	1.1
1903.042	8.3
1903.123	17
1903.203	13.5
1903.287	26.1
1903.37	14.6
1903.454	16.3
1903.537	27.9
1903.622	28.8
1903.706	11.1
1903.789	38.9
1903.873	44.5
1903.956	45.6
1904.041	31.6
1904.123	24.5
1904.205	37.2
1904.289	43
1904.372	39.5
1904.456	41.9
1904.539	50.6
1904.624	58.2
1904.708	30.1
1904.791	54.2
1904.875	38
1904.958	54.6
1905.043	54.8
1905.124	85.8
1905.205	56.5
1905.288	39.3
1905.372	48
1905.455	49
1905.539	73
1905.624	58.8
1905.707	55
1905.791	78.7
1905.874	107.2
1905.958	55.5
1906.042	45.5
1906.123	31.3
1906.204	64.5
1906.287	55.3
1906.371	57.7
1906.454	63.2
1906.538	103.6
1906.623	47.7
1906.706	56.1
1906.79	17.8
1906.873	38.9
1906.957	64.7
1907.042	76.4
1907.123	108.2
1907.203	60.7
1907.287	52.6
1907.37	42.9
1907.454	40.4
1907.537	49.7
1907.622	54.3
1907.706	85
1907.789	65.4
1907.873	61.5
1907.956	47.3
1908.041	39.2
1908.123	33.9
1908.205	28.7
1908.289	57.6
1908.372	40.8
1908.456	48.1
1908.539	39.5
1908.624	90.5
1908.708	86.9
1908.791	32.3
1908.875	45.5
1908.958	39.5
1909.043	56.7
1909.124	46.6
1909.205	66.3
1909.288	32.3
1909.372	36
1909.455	22.6
1909.539	35.8
1909.624	23.1
1909.707	38.8
1909.791	58.4
1909.874	55.8
1909.958	54.2
1910.042	26.4
1910.123	31.5
1910.204	21.4
1910.287	8.4
1910.371	22.2
1910.454	12.3
1910.538	14.1
1910.623	11.5
1910.706	26.2
1910.79	38.3
1910.873	4.9
1910.957	5.8
1911.042	3.4
1911.123	9
1911.203	7.8
1911.287	16.5
1911.37	9
1911.454	2.2
1911.537	3.5
1911.622	4
1911.706	4
1911.789	2.6
1911.873	4.2
1911.956	2.2
1912.041	0.3
1912.123	0
1912.205	4.9
1912.289	4.5
1912.372	4.4
1912.456	4.1
1912.539	3
1912.624	0.3
1912.708	9.5
1912.791	4.6
1912.875	1.1
1912.958	6.4
1913.043	2.3
1913.124	2.9
1913.205	0.5
1913.288	0.9
1913.372	0
1913.455	0
1913.539	1.7
1913.624	0.2
1913.707	1.2
1913.791	3.1
1913.874	0.7
1913.958	3.8
1914.042	2.8
1914.123	2.6
1914.204	3.1
1914.287	17.3
1914.371	5.2
1914.454	11.4
1914.538	5.4
1914.623	7.7
1914.706	12.7
1914.79	8.2
1914.873	16.4
1914.957	22.3
1915.042	23
1915.123	42.3
1915.203	38.8
1915.287	41.3
1915.37	33
1915.454	68.8
1915.537	71.6
1915.622	69.6
1915.706	49.5
1915.789	53.5
1915.873	42.5
1915.956	34.5
1916.041	45.3
1916.123	55.4
1916.205	67
1916.289	71.8
1916.372	74.5
1916.456	67.7
1916.539	53.5
1916.624	35.2
1916.708	45.1
1916.791	50.7
1916.875	65.6
1916.958	53
1917.043	74.7
1917.124	71.9
1917.205	94.8
1917.288	74.7
1917.372	114.1
1917.455	114.9
1917.539	119.8
1917.624	154.5
1917.707	129.4
1917.791	72.2
1917.874	96.4
1917.958	129.3
1918.042	96
1918.123	65.3
1918.204	72.2
1918.287	80.5
1918.371	76.7
1918.454	59.4
1918.538	107.6
1918.623	101.7
1918.706	79.9
1918.79	85
1918.873	83.4
1918.957	59.2
1919.042	48.1
1919.123	79.5
1919.203	66.5
1919.287	51.8
1919.37	88.1
1919.454	111.2
1919.537	64.7
1919.622	69
1919.706	54.7
1919.789	52.8
1919.873	42
1919.956	34.9
1920.041	51.1
1920.123	53.9
1920.205	70.2
1920.289	14.8
1920.372	33.3
1920.456	38.7
1920.539	27.5
1920.624	19.2
1920.708	36.3
1920.791	49.6
1920.875	27.2
1920.958	29.9
1921.043	31.5
1921.124	28.3
1921.205	26.7
1921.288	32.4
1921.372	22.2
1921.455	33.7
1921.539	41.9
1921.624	22.8
1921.707	17.8
1921.791	18.2
1921.874	17.8
1921.958	20.3
1922.042	11.8
1922.123	26.4
1922.204	54.7
1922.287	11
1922.371	8
1922.454	5.8
1922.538	10.9
1922.623	6.5
1922.706	4.7
1922.79	6.2
1922.873	7.4
1922.957	17.5
1923.042	4.5
1923.123	1.5
1923.203	3.3
1923.287	6.1
1923.37	3.2
1923.454	9.1
1923.537	3.5
1923.622	0.5
1923.706	13.2
1923.789	11.6
1923.873	10
1923.956	2.8
1924.041	0.5
1924.123	5.1
1924.205	1.8
1924.289	11.3
1924.372	20.8
1924.456	24
1924.539	28.1
1924.624	19.3
1924.708	25.1
1924.791	25.6
1924.875	22.5
1924.958	16.5
1925.043	5.5
1925.124	23.2
1925.205	18
1925.288	31.7
1925.372	42.8
1925.455	47.5
1925.539	38.5
1925.624	37.9
1925.707	60.2
1925.791	69.2
1925.874	58.6
1925.958	98.6
1926.042	71.8
1926.123	69.9
1926.204	62.5
1926.287	38.5
1926.371	64.3
1926.454	73.5
1926.538	52.3
1926.623	61.6
1926.706	60.8
1926.79	71.5
1926.873	60.5
1926.957	79.4
1927.042	81.6
1927.123	93
1927.203	69.6
1927.287	93.5
1927.37	79.1
1927.454	59.1
1927.537	54.9
1927.622	53.8
1927.706	68.4
1927.789	63.1
1927.873	67.2
1927.956	45.2
1928.041	83.5
1928.123	73.5
1928.205	85.5
1928.289	80.6
1928.372	77
1928.456	91.4
1928.539	98
1928.624	83.8
1928.708	89.7
1928.791	61.4
1928.875	50.3
1928.958	59
1929.043	68.9
1929.124	62.8
1929.205	50.2
1929.288	52.8
1929.372	58.2
1929.455	71.9
1929.539	70.2
1929.624	65.8
1929.707	34.4
1929.791	54
1929.874	81.1
1929.958	108
1930.042	65.3
1930.123	49.9
1930.204	35
1930.287	38.2
1930.371	36.8
1930.454	28.8
1930.538	21.9
1930.623	24.9
1930.706	32.1
1930.79	34.4
1930.873	35.6
1930.957	25.8
1931.042	14.6
1931.123	43.1
1931.203	30
1931.287	31.2
1931.37	24.6
1931.454	15.3
1931.537	17.4
1931.622	13
1931.706	19
1931.789	10
1931.873	18.7
1931.956	17.8
1932.041	12.1
1932.123	10.6
1932.205	11.2
1932.289	11.2
1932.372	17.9
1932.456	22.2
1932.539	9.6
1932.624	6.8
1932.708	4
1932.791	8.9
1932.875	8.2
1932.958	11
1933.043	12.3
1933.124	22.2
1933.205	10.1
1933.288	2.9
1933.372	3.2
1933.455	5.2
1933.539	2.8
1933.624	0.2
1933.707	5.1
1933.791	3
1933.874	0.6
1933.958	0.3
1934.042	3.4
1934.123	7.8
1934.204	4.3
1934.287	11.3
1934.371	19.7
1934.454	6.7
1934.538	9.3
1934.623	8.3
1934.706	4
1934.79	5.7
1934.873	8.7
1934.957	15.4
1935.042	18.6
1935.123	20.5
1935.203	23.1
1935.287	12.2
1935.37	27.3
1935.454	45.7
1935.537	33.9
1935.622	30.1
1935.706	42.1
1935.789	53.2
1935.873	64.2
1935.956	61.5
1936.041	62.8
1936.123	74.3
1936.205	77.1
1936.289	74.9
1936.372	54.6
1936.456	70
1936.539	52.3
1936.624	87
1936.708	76
1936.791	89
1936.875	115.4
1936.958	123.4
1937.043	132.5
1937.124	128.5
1937.205	83.9
1937.288	109.3
1937.372	116.7
1937.455	130.3
1937.539	145.1
1937.624	137.7
1937.707	100.7
1937.791	124.9
1937.874	74.4
1937.958	88.8
1938.042	98.4
1938.123	119.2
1938.204	86.5
1938.287	101
1938.371	127.4
1938.454	97.5
1938.538	165.3
1938.623	115.7
1938.706	89.6
1938.79	99.1
1938.873	122.2
1938.957	92.7
1939.042	80.3
1939.123	77.4
1939.203	64.6
1939.287	109.1
1939.37	118.3
1939.454	101
1939.537	97.6
1939.622	105.8
1939.706	112.6
1939.789	88.1
1939.873	68.1
1939.956	42.1
1940.041	50.5
1940.123	59.4
1940.205	83.3
1940.289	60.7
1940.372	54.4
1940.456	83.9
1940.539	67.5
1940.624	105.5
1940.708	66.5
1940.791	55
1940.875	58.4
1940.958	68.3
1941.043	45.6
1941.124	44.5
1941.205	46.4
1941.288	32.8
1941.372	29.5
1941.455	59.8
1941.539	66.9
1941.624	60
1941.707	65.9
1941.791	46.3
1941.874	38.4
1941.958	33.7
1942.042	35.6
1942.123	52.8
1942.204	54.2
1942.287	60.7
1942.371	25
1942.454	11.4
1942.538	17.7
1942.623	20.2
1942.706	17.2
1942.79	19.2
1942.873	30.7
1942.957	22.5
1943.042	12.5
1943.123	28.9
1943.203	27.4
1943.287	26.1
1943.37	14.1
1943.454	7.6
1943.537	13.2
1943.622	19.4
1943.706	10
1943.789	7.8
1943.873	10.2
1943.956	18.8
1944.041	3.7
1944.123	0.5
1944.205	11
1944.289	0.3
1944.372	2.5
1944.456	5
1944.539	5
1944.624	16.7
1944.708	14.3
1944.791	16.9
1944.875	10.8
1944.958	28.4
1945.043	18.5
1945.124	12.7
1945.205	21.5
1945.288	32
1945.372	30.6
1945.455	36.2
1945.539	42.6
1945.624	25.9
1945.707	34.9
1945.791	68.8
1945.874	46
1945.958	27.4
1946.042	47.6
1946.123	86.2
1946.204	76.6
1946.287	75.7
1946.371	84.9
1946.454	73.5
1946.538	116.2
1946.623	107.2
1946.706	94.4
1946.79	102.3
1946.873	123.8
1946.957	121.7
1947.042	115.7
1947.123	133.4
1947.203	129.8
1947.287	149.8
1947.37	201.3
1947.454	163.9
1947.537	157.9
1947.622	188.8
1947.706	169.4
1947.789	163.6
1947.873	128
1947.956	116.5
1948.041	108.5
1948.123	86.1
1948.205	94.8
1948.289	189.7
1948.372	174
1948.456	167.8
1948.539	142.2
1948.624	157.9
1948.708	143.3
1948.791	136.3
1948.875	95.8
1948.958	138
1949.043	119.1
1949.124	182.3
1949.205	157.5
1949.288	147
1949.372	106.2
1949.455	121.7
1949.539	125.8
1949.624	123.8
1949.707	145.3
1949.791	131.6
1949.874	143.5
1949.958	117.6
1950.042	101.6
1950.123	94.8
1950.204	109.7
1950.287	113.4
1950.371	106.2
1950.454	83.6
1950.538	91
1950.623	85.2
1950.706	51.3
1950.79	61.4
1950.873	54.8
1950.957	54.1
1951.042	59.9
1951.123	59.9
1951.203	55.9
1951.287	92.9
1951.37	108.5
1951.454	100.6
1951.537	61.5
1951.622	61
1951.706	83.1
1951.789	51.6
1951.873	52.4
1951.956	45.8
1952.041	40.7
1952.123	22.7
1952.205	22
1952.289	29.1
1952.372	23.4
1952.456	36.4
1952.539	39.3
1952.624	54.9
1952.708	28.2
1952.791	23.8
1952.875	22.1
1952.958	34.3
1953.043	26.5
1953.124	3.9
1953.205	10
1953.288	27.8
1953.372	12.5
1953.455	21.8
1953.539	8.6
1953.624	23.5
1953.707	19.3
1953.791	8.2
1953.874	1.6
1953.958	2.5
1954.042	0.2
1954.123	0.5
1954.204	10.9
1954.287	1.8
1954.371	0.8
1954.454	0.2
1954.538	4.8
1954.623	8.4
1954.706	1.5
1954.79	7
1954.873	9.2
1954.957	7.6
1955.042	23.1
1955.123	20.8
1955.203	4.9
1955.287	11.3
1955.37	28.9
1955.454	31.7
1955.537	26.7
1955.622	40.7
1955.706	42.7
1955.789	58.5
1955.873	89.2
1955.956	76.9
1956.041	73.6
1956.123	124
1956.205	118.4
1956.289	110.7
1956.372	136.6
1956.456	116.6
1956.539	129.1
1956.624	169.6
1956.708	173.2
1956.791	155.3
1956.875	201.3
1956.958	192.1
1957.043	165
1957.124	130.3
1957.205	157.4
1957.288	175.2
1957.372	164.6
1957.455	200.7
1957.539	187.2
1957.624	158
1957.707	235.8
1957.791	253.8
1957.874	210.9
1957.958	239.4
1958.042	202.5
1958.123	164.9
1958.204	190.7
1958.287	196
1958.371	175.3
1958.454	171.5
1958.538	191.4
1958.623	200.2
1958.706	201.2
1958.79	181.5
1958.873	152.3
1958.957	187.6
1959.042	217.4
1959.123	143.1
1959.203	185.7
1959.287	163.3
1959.37	172
1959.454	168.7
1959.537	149.6
1959.622	199.6
1959.706	145.2
1959.789	111.4
1959.873	124
1959.956	125
1960.041	146.3
1960.123	106
1960.205	102.2
1960.289	122
1960.372	119.6
1960.456	110.2
1960.539	121.7
1960.624	134.1
1960.708	127.2
1960.791	82.8
1960.875	89.6
1960.958	85.6
1961.043	57.9
1961.124	46.1
1961.205	53
1961.288	61.4
1961.372	51
1961.455	77.4
1961.539	70.2
1961.624	55.8
1961.707	63.6
1961.791	37.7
1961.874	32.6
1961.958	39.9
1962.042	38.7
1962.123	50.3
1962.204	45.6
1962.287	46.4
1962.371	43.7
1962.454	42
1962.538	21.8
1962.623	21.8
1962.706	51.3
1962.79	39.5
1962.873	26.9
1962.957	23.2
1963.042	19.8
1963.123	24.4
1963.203	17.1
1963.287	29.3
1963.37	43
1963.454	35.9
1963.537	19.6
1963.622	33.2
1963.706	38.8
1963.789	35.3
1963.873	23.4
1963.956	14.9
1964.041	15.3
1964.123	17.7
1964.205	16.5
1964.289	8.6
1964.372	9.5
1964.456	9.1
1964.539	3.1
1964.624	9.3
1964.708	4.7
1964.791	6.1
1964.875	7.4
1964.958	15.1
1965.043	17.5
1965.124	14.3
1965.205	11.7
1965.288	6.8
1965.372	24.1
1965.455	15.9
1965.539	11.9
1965.624	8.9
1965.707	16.8
1965.791	20.1
1965.874	15.8
1965.958	17
1966.042	28.2
1966.123	24.4
1966.204	25.3
1966.287	48.7
1966.371	45.3
1966.454	47.7
1966.538	56.7
1966.623	51.2
1966.706	50.2
1966.79	57.2
1966.873	57.2
1966.957	70.4
1967.042	110.9
1967.123	93.6
1967.203	111.8
1967.287	69.5
1967.37	86.5
1967.454	67.3
1967.537	91.5
1967.622	107.2
1967.706	76.8
1967.789	88.2
1967.873	94.3
1967.956	126.4
1968.041	121.8
1968.123	111.9
1968.205	92.2
1968.289	81.2
1968.372	127.2
1968.456	110.3
1968.539	96.1
1968.624	109.3
1968.708	117.2
1968.791	107.7
1968.875	86
1968.958	109.8
1969.043	104.4
1969.124	120.5
1969.205	135.8
1969.288	106.8
1969.372	120
1969.455	106
1969.539	96.8
1969.624	98
1969.707	91.3
1969.791	95.7
1969.874	93.5
1969.958	97.9
1970.042	111.5
1970.123	127.8
1970.204	102.9
1970.287	109.5
1970.371	127.5
1970.454	106.8
1970.538	112.5
1970.623	93
1970.706	99.5
1970.79	86.6
1970.873	95.2
1970.957	83.5
1971.042	91.3
1971.123	79
1971.203	60.7
1971.287	71.8
1971.37	57.5
1971.454	49.8
1971.537	81
1971.622	61.4
1971.706	50.2
1971.789	51.7
1971.873	63.2
1971.956	82.2
1972.041	61.5
1972.123	88.4
1972.205	80.1
1972.289	63.2
1972.372	80.5
1972.456	88
1972.539	76.5
1972.624	76.8
1972.708	64
1972.791	61.3
1972.875	41.6
1972.958	45.3
1973.043	43.4
1973.124	42.9
1973.205	46
1973.288	57.7
1973.372	42.4
1973.455	39.5
1973.539	23.1
1973.624	25.6
1973.707	59.3
1973.791	30.7
1973.874	23.9
1973.958	23.3
1974.042	27.6
1974.123	26
1974.204	21.3
1974.287	40.3
1974.371	39.5
1974.454	36
1974.538	55.8
1974.623	33.6
1974.706	40.2
1974.79	47.1
1974.873	25
1974.957	20.5
1975.042	18.9
1975.123	11.5
1975.203	11.5
1975.287	5.1
1975.37	9
1975.454	11.4
1975.537	28.2
1975.622	39.7
1975.706	13.9
1975.789	9.1
1975.873	19.4
1975.956	7.8
1976.041	8.1
1976.123	4.3
1976.205	21.9
1976.289	18.8
1976.372	12.4
1976.456	12.2
1976.539	1.9
1976.624	16.4
1976.708	13.5
1976.791	20.6
1976.875	5.2
1976.958	15.3
1977.043	16.4
1977.124	23.1
1977.205	8.7
1977.288	12.9
1977.372	18.6
1977.455	38.5
1977.539	21.4
1977.624	30.1
1977.707	44
1977.791	43.8
1977.874	29.1
1977.958	43.2
1978.042	51.9
1978.123	93.6
1978.204	76.5
1978.287	99.7
1978.371	82.7
1978.454	95.1
1978.538	70.4
1978.623	58.1
1978.706	138.2
1978.79	125.1
1978.873	97.9
1978.957	122.7
1979.042	166.6
1979.123	137.5
1979.203	138
1979.287	101.5
1979.37	134.4
1979.454	149.5
1979.537	159.4
1979.622	142.2
1979.706	188.4
1979.789	186.2
1979.873	183.3
1979.956	176.3
1980.041	159.6
1980.123	155
1980.205	126.2
1980.289	164.1
1980.372	179.9
1980.456	157.3
1980.539	136.3
1980.624	135.4
1980.708	155
1980.791	164.7
1980.875	147.9
1980.958	174.4
1981.043	114
1981.124	141.3
1981.205	135.5
1981.288	156.4
1981.372	127.5
1981.455	90.9
1981.539	143.8
1981.624	158.7
1981.707	167.3
1981.791	162.4
1981.874	137.5
1981.958	150.1
1982.042	111.2
1982.123	163.6
1982.204	153.8
1982.287	122
1982.371	82.2
1982.454	110.4
1982.538	106.1
1982.623	107.6
1982.706	118.8
1982.79	94.7
1982.873	98.1
1982.957	127
1983.042	84.3
1983.123	51
1983.203	66.5
1983.287	80.7
1983.37	99.2
1983.454	91.1
1983.537	82.2
1983.622	71.8
1983.706	50.3
1983.789	55.8
1983.873	33.4
1983.956	33.4
1984.041	57
1984.123	85.4
1984.205	83.5
1984.289	69.7
1984.372	76.4
1984.456	46.1
1984.539	37.4
1984.624	25.5
1984.708	15.7
1984.791	12
1984.875	22.8
1984.958	18.7
1985.043	16.5
1985.124	15.9
1985.205	17.2
1985.288	16.2
1985.372	27.5
1985.455	24.2
1985.539	30.7
1985.624	11.1
1985.707	3.9
1985.791	18.6
1985.874	16.2
1985.958	17.3
1986.042	2.5
1986.123	23.2
1986.204	15.1
1986.287	18.5
1986.371	13.7
1986.454	1.1
1986.538	18.1
1986.623	7.4
1986.706	3.8
1986.79	35.4
1986.873	15.2
1986.957	6.8
1987.042	10.4
1987.123	2.4
1987.203	14.7
1987.287	39.6
1987.37	33
1987.454	17.4
1987.537	33
1987.622	38.7
1987.706	33.9
1987.789	60.6
1987.873	39.9
1987.956	27.1
1988.041	59
1988.123	40
1988.205	76.2
1988.289	88
1988.372	60.1
1988.456	101.8
1988.539	113.8
1988.624	111.6
1988.708	120.1
1988.791	125.1
1988.875	125.1
1988.958	179.2
1989.043	161.3
1989.124	165.1
1989.205	131.4
1989.288	130.6
1989.372	138.5
1989.455	196.2
1989.539	126.9
1989.624	168.9
1989.707	176.7
1989.791	159.4
1989.874	173
1989.958	165.5
1990.042	177.3
1990.123	130.5
1990.204	140.3
1990.287	140.3
1990.371	132.2
1990.454	105.4
1990.538	149.4
1990.623	200.3
1990.706	125.2
1990.79	145.5
1990.873	131.4
1990.957	129.7
1991.042	136.9
1991.123	167.5
1991.203	141.9
1991.287	140
1991.37	121.3
1991.454	169.7
1991.537	173.7
1991.622	176.3
1991.706	125.3
1991.789	144.1
1991.873	108.2
1991.956	144.4
1992.041	150
1992.123	161.1
1992.205	106.7
1992.289	99.8
1992.372	73.8
1992.456	65.2
1992.539	85.7
1992.624	64.5
1992.708	63.9
1992.791	88.7
1992.875	91.8
1992.958	82.6
1993.043	59.3
1993.124	91
1993.205	69.8
1993.288	62.2
1993.372	61.3
1993.455	49.8
1993.539	57.9
1993.624	42.2
1993.707	22.4
1993.791	56.4
1993.874	35.6
1993.958	48.9
1994.042	57.8
1994.123	35.5
1994.204	31.7
1994.287	16.1
1994.371	17.8
1994.454	28
1994.538	35.1
1994.623	22.5
1994.706	25.7
1994.79	44
1994.873	18
1994.957	26.2
1995.042	24.2
1995.123	29.9
1995.203	31.1
1995.287	14
1995.37	14.5
1995.454	15.6
1995.537	14.5
1995.622	14.3
1995.706	11.8
1995.789	21.1
1995.873	9
1995.956	10
1996.041	11.5
1996.123	4.4
1996.205	9.2
1996.289	4.8
1996.372	5.5
1996.456	11.8
1996.539	8.2
1996.624	14.4
1996.708	1.6
1996.791	0.9
1996.875	17.9
1996.958	13.3
1997.043	5.7
1997.124	7.6
1997.205	8.7
1997.288	15.5
1997.372	18.5
1997.455	12.7
1997.539	10.4
1997.624	24.4
1997.707	51.3
1997.791	22.8
1997.874	39
1997.958	41.2
1998.042	31.9
1998.123	40.3
1998.204	54.8
1998.287	53.4
1998.371	56.3
1998.454	70.7
1998.538	66.6
1998.623	92.2
1998.706	92.9
1998.79	55.5
1998.873	74
1998.957	81.9
1999.042	62
1999.123	66.3
1999.203	68.8
1999.287	63.7
1999.37	106.4
1999.454	137.7
1999.537	113.5
1999.622	93.7
1999.706	71.5
1999.789	116.7
1999.873	133.2
1999.956	84.6
2000.041	90.1
2000.123	112.9
2000.205	138.5
2000.289	125.5
2000.372	121.6
2000.456	124.9
2000.539	170.1
2000.624	130.5
2000.708	109.7
2000.791	99.4
2000.875	106.8
2000.958	104.4
2001.043	95.6
2001.124	80.6
2001.205	113.5
2001.288	107.7
2001.372	96.6
2001.455	134
2001.539	81.8
2001.624	106.4
2001.707	150.7
2001.791	125.5
2001.874	106.5
2001.958	132.2
2002.042	114.1
2002.123	107.4
2002.204	98.4
2002.287	120.7
2002.371	120.8
2002.454	88.3
2002.538	99.6
2002.623	116.4
2002.706	109.6
2002.79	97.5
2002.873	95.5
2002.957	80.8
2003.042	79.7
2003.123	46
2003.203	61.1
2003.287	60
2003.37	54.6
2003.454	77.4
2003.537	83.3
2003.622	72.7
2003.706	48.7
2003.789	65.5
2003.873	67.3
2003.956	46.5
2004.041	37.3
2004.123	45.8
2004.205	49.1
2004.289	39.3
2004.372	41.5
2004.456	43.2
2004.539	51.1
2004.624	40.9
2004.708	27.7
2004.791	48
2004.875	43.5
2004.958	17.9
2005.043	31.3
2005.124	29.2
2005.205	24.5
2005.288	24.2
2005.372	42.7
2005.455	39.3
2005.539	40.1
2005.624	36.4
2005.707	21.9
2005.791	8.7
2005.874	18
2005.958	41.1
2006.042	15.3
2006.123	4.9
2006.204	10.6
2006.287	30.2
2006.371	22.3
2006.454	13.9
2006.538	12.2
2006.623	12.9
2006.706	14.4
2006.79	10.5
2006.873	21.4
2006.957	13.6
2007.042	16.8
2007.123	10.7
2007.203	4.5
2007.287	3.4
2007.37	11.7
2007.454	12.1
2007.537	9.7
2007.622	6
2007.706	2.4
2007.789	0.9
2007.873	1.7
2007.956	10.1
2008.041	3.3
2008.123	2.1
2008.205	9.3
2008.289	2.9
2008.372	3.2
2008.456	3.4
2008.539	0.8
2008.624	0.5
2008.708	1.1
2008.791	2.9
2008.875	4.1
2008.958	0.8
2009.043	1.3
2009.124	1.4
2009.205	0.7
2009.288	0.8
2009.372	2.9
2009.455	2.9
2009.539	3.2
2009.624	0
2009.707	4.3
2009.791	4.8
2009.874	4.1
2009.958	10.8
2010.042	13.2
2010.123	18.8
2010.204	15.4
2010.287	8
2010.371	8.7
2010.454	13.6
2010.538	16.1
2010.623	19.6
2010.706	25.2
2010.79	23.5
2010.873	21.5
2010.957	14.4
2011.042	18.8
2011.123	29.6
2011.203	55.8
2011.287	54.4
2011.37	41.6
2011.454	37
2011.537	43.8
2011.622	50.6
2011.706	78
2011.789	88
2011.873	96.7
2011.956	73
2012.041	58.3
2012.123	32.9
2012.205	64.3
2012.289	55.2
2012.372	69
2012.456	64.5
2012.539	66.5
2012.624	63
2012.708	61.4
2012.791	53.3
2012.875	61.8
2012.958	40.8
2013.043	62.9
2013.124	38.1
2013.205	57.9
2013.288	72.4
2013.372	78.7
2013.455	52.5
2013.539	57
2013.624	66
2013.707	37
2013.791	85.6
2013.874	77.6
2013.958	90.3
2014.042	81.8
2014.123	102.3
2014.204	91.9
2014.287	84.7
2014.371	75.2
2014.454	71
2014.538	72.4
2014.623	74.6
2014.706	87.6
2014.79	60.6
2014.873	70.2
2014.957	76.7
2015.042	67
2015.123	44.8
2015.203	38.4
2015.287	54.4
