    1.479	  -133.0
    2.959	  -135.0
    4.439	  -187.0
    5.919	  -187.0
    7.399	  -155.0
    8.878	  -126.0
   10.358	  -126.0
   11.839	  -116.0
   13.319	  -109.0
   14.799	  -103.0
   16.451	  -101.0
   18.103	   -98.0
   19.921	   -94.0
   22.073	  -110.0
   24.224	  -126.0
   26.376	  -159.0
   28.529	  -195.0
   30.922	  -252.0
   33.315	  -224.0
   35.708	  -210.0
   37.650	  -204.0
   39.592	  -212.0
   41.534	  -241.0
   43.476	  -296.0
   45.419	  -288.0
   47.361	  -261.0
   49.394	  -224.0
   51.516	  -163.0
   53.598	   -99.0
   55.794	   -58.0
   57.908	   -56.0
   59.859	   -71.0
   61.809	   -71.0
   63.760	   -94.0
   65.711	  -143.0
   67.744	  -439.0
   69.694	  -553.0
   71.476	  -597.0
   73.503	  -668.0
   75.578	  -732.0
   77.631	  -772.0
   79.674	  -820.0
   81.717	  -862.0
   83.760	  -902.0
   85.803	  -914.0
   87.847	  -944.0
   89.890	  -965.0
   91.934	  -984.0
   93.978	 -1003.0
   96.021	 -1023.0
   98.065	 -1032.0
  100.110	 -1047.0
  102.149	 -1060.0
  104.185	 -1067.0
  106.221	 -1079.0
  108.257	 -1088.0
  110.294	 -1097.0
  112.380	 -1106.0
  114.566	 -1117.0
  116.752	 -1123.0
  125.214	 -1199.0
  127.099	 -1210.0
  128.983	 -1228.0
  130.868	 -1241.0
  132.752	 -1256.0
  134.637	 -1269.0
  136.522	 -1282.0
  138.408	 -1303.0
  140.293	 -1321.0
  142.179	 -1339.0
  144.064	 -1358.0
  145.950	 -1380.0
  147.836	 -1403.0
  149.722	 -1426.0
  151.609	 -1449.0
  153.495	 -1473.0
  155.382	 -1497.0
  157.269	 -1516.0
  159.156	 -1538.0
  161.043	 -1562.0
  162.930	 -1585.0
  164.818	 -1590.0
  166.705	 -1598.0
  168.593	 -1603.0
  170.481	 -1613.0
  172.369	 -1618.0
  174.257	 -1622.0
  176.104	 -1630.0
  177.942	 -1636.0
  179.780	 -1640.0
  181.619	 -1640.0
  183.458	 -1651.0
  185.297	 -1674.0
  187.136	 -1696.0
  188.975	 -1687.0
  190.814	 -1640.0
  192.654	 -1613.0
  194.494	 -1598.0
  196.334	 -1598.0
  198.174	 -1586.0
  200.014	 -1560.0
  201.854	 -1551.0
  203.695	 -1556.0
  205.535	 -1501.0
  207.376	 -1467.0
  209.217	 -1467.0
  211.044	 -1479.0
  212.864	 -1492.0
  214.684	 -1499.0
  216.505	 -1501.0
  218.325	 -1501.0
  220.146	 -1511.0
  221.967	 -1514.0
  223.788	 -1516.0
  225.532	 -1514.0
  227.123	 -1516.0
  228.714	 -1518.0
  230.305	 -1528.0
  231.896	 -1538.0
  233.487	 -1562.0
  235.078	 -1575.0
  236.758	 -1592.0
  238.438	 -1609.0
  240.118	 -1627.0
  241.798	 -1634.0
  243.478	 -1655.0
  245.159	 -1677.0
  246.881	 -1702.0
  248.624	 -1740.0
  250.367	 -1791.0
  252.111	 -1831.0
  253.854	 -1885.0
  255.598	 -1889.0
  257.342	 -1917.0
  259.086	 -1989.0
  260.830	 -2055.0
  262.575	 -2068.0
  264.319	 -2098.0
  266.064	 -2111.0
  267.809	 -2127.0
  269.554	 -2144.0
  271.299	 -2157.0
  273.044	 -2176.0
  274.790	 -2198.0
  276.535	 -2225.0
  278.357	 -2277.0
  280.180	 -2316.0
  281.966	 -2362.0
  283.677	 -2419.0
  285.389	 -2482.0
  287.101	 -2539.0
  288.813	 -2597.0
  290.526	 -2662.0
  292.236	 -2711.0
  293.944	 -2754.0
  295.653	 -2810.0
  297.361	 -2863.0
  299.070	 -2932.0
  300.778	 -3028.0
  302.485	 -3107.0
  304.191	 -3188.0
  305.898	 -3258.0
  307.605	 -3330.0
  309.312	 -3416.0
  311.019	 -3473.0
  312.726	 -3483.0
  314.433	 -3533.0
  316.146	 -3611.0
  317.869	 -3674.0
  319.592	 -3733.0
  321.316	 -3843.0
  323.040	 -4041.0
  324.764	 -4069.0
  326.488	 -4079.0
  328.212	 -4106.0
  329.936	 -4110.0
  331.660	 -4239.0
  333.385	 -4233.0
  335.109	 -4255.0
  336.834	 -4276.0
  338.559	 -4289.0
  340.305	 -4446.0
  342.050	 -4685.0
  343.796	 -4906.0
  345.541	 -5234.0
  347.287	 -5408.0
  349.034	 -5534.0
  350.780	 -5650.0
  352.526	 -5758.0
  354.273	 -6010.0
  356.019	 -6414.0
  357.766	 -6500.0
  359.513	 -6815.0
  361.260	 -7031.0
  363.022	 -7021.0
  364.814	 -7229.0
  366.606	 -7317.0
  368.399	 -7452.0
  370.191	 -7344.0
  371.984	 -7282.0
  373.777	 -7229.0
  375.569	 -7051.0
  377.363	 -7080.0
  379.156	 -7190.0
  380.949	 -7149.0
  382.743	 -6992.0
  384.536	 -6745.0
  386.330	 -6952.0
  388.124	 -6864.0
  389.918	 -6745.0
  391.712	 -6791.0
  393.505	 -6598.0
  395.342	 -6515.0
  397.178	 -6450.0
  399.015	 -6459.0
  400.851	 -6421.0
  402.688	 -6332.0
  404.525	 -6363.0
  406.362	 -6305.0
  408.200	 -6308.0
  410.037	 -6305.0
  411.891	 -6187.0
  413.745	 -5992.0
  415.600	 -5946.0
  417.454	 -5914.0
  419.309	 -6088.0
  421.164	 -6088.0
  423.019	 -5952.0
  424.875	 -5800.0
  426.730	 -5774.0
  428.473	 -5845.0
  430.216	 -5796.0
  431.959	 -5792.0
  433.702	 -5756.0
  435.445	 -5621.0
  436.817	 -5598.0
  437.819	 -5606.0
  438.820	 -5681.0
  439.821	 -5681.0
  441.234	 -5661.0
  442.648	 -5612.0
  444.505	 -5543.0
  446.363	 -5549.0
  448.221	 -5557.0
  450.079	 -5545.0
  451.937	 -5540.0
  453.795	 -5543.0
  455.612	 -5514.0
  457.347	 -5520.0
  458.321	 -5514.0
  459.296	 -5503.0
  460.992	 -5485.0
  462.893	 -5483.0
  464.662	 -5481.0
  465.761	 -5474.0
  466.861	 -5461.0
  467.960	 -5443.0
  469.060	 -5433.0
  470.103	 -5435.0
  471.118	 -5439.0
  472.132	 -5464.0
  473.179	 -5461.0
  474.441	 -5448.0
  476.100	 -5443.0
  477.759	 -5406.0
  479.416	 -5373.0
  481.067	 -5404.0
  482.719	 -5416.0
  484.371	 -5390.0
  486.023	 -5354.0
  487.675	 -5309.0
  489.328	 -5236.0
  490.980	 -5218.0
  492.633	 -5247.0
  494.846	 -5260.0
  497.170	 -5289.0
  499.495	 -5296.0
  501.222	 -5249.0
  502.949	 -5216.0
  504.676	 -5229.0
  506.403	 -5247.0
  508.093	 -5231.0
  509.783	 -5211.0
  511.474	 -5180.0
  513.164	 -5178.0
  514.855	 -5215.0
  516.545	 -5211.0
  518.201	 -5211.0
  519.786	 -5236.0
  520.543	 -5244.0
  521.300	 -5244.0
  522.056	 -5242.0
  522.813	 -5238.0
  523.643	 -5232.0
  524.104	 -5225.0
  524.566	 -5211.0
  525.729	 -5218.0
  527.243	 -5247.0
  528.757	 -5240.0
  530.271	 -5229.0
  531.785	 -5227.0
  533.300	 -5244.0
  534.814	 -5273.0
  536.329	 -5244.0
  537.844	 -5234.0
  539.359	 -5234.0
  540.874	 -5242.0
  542.389	 -5247.0
  543.904	 -5263.0
  545.419	 -5273.0
  546.934	 -5273.0
  548.450	 -5263.0
  549.965	 -5244.0
  551.481	 -5254.0
  553.009	 -5277.0
  554.543	 -5269.0
  556.078	 -5254.0
  557.613	 -5249.0
  559.147	 -5282.0
  560.682	 -5289.0
  562.217	 -5293.0
  563.752	 -5298.0
  565.287	 -5298.0
  566.822	 -5273.0
  568.358	 -5247.0
  569.840	 -5254.0
  571.311	 -5247.0
  572.783	 -5234.0
  574.254	 -5234.0
  575.726	 -5225.0
  577.197	 -5231.0
  578.669	 -5225.0
  580.140	 -5234.0
  581.612	 -5244.0
  583.083	 -5263.0
  584.554	 -5254.0
  586.026	 -5247.0
  587.497	 -5266.0
  588.969	 -5266.0
  590.440	 -5272.0
  591.912	 -5266.0
  593.376	 -5256.0
  594.724	 -5266.0
  595.564	 -5266.0
  596.403	 -5266.0
  597.242	 -5270.0
  598.082	 -5275.0
  598.921	 -5272.0
  599.760	 -5279.0
  600.599	 -5285.0
  601.439	 -5281.0
  602.971	 -5285.0
  604.504	 -5285.0
  606.037	 -5279.0
  607.570	 -5266.0
  609.102	 -5270.0
  610.635	 -5272.0
  612.168	 -5254.0
  613.701	 -5227.0
  615.233	 -5223.0
  616.766	 -5230.0
  618.263	 -5223.0
  619.761	 -5221.0
  621.258	 -5208.0
  622.783	 -5221.0
  624.322	 -5188.0
  625.861	 -4861.0
  627.401	 -4842.0
  628.940	 -3879.0
  630.479	 -3979.0
  632.018	 -4120.0
  633.557	 -4349.0
  635.096	 -4420.0
  636.469	 -4575.0
  637.842	 -4650.0
  639.215	 -5184.0
  640.587	 -5301.0
  641.980	 -5329.0
  643.411	 -5370.0
  644.842	 -5358.0
  646.274	 -5347.0
  647.724	 -5372.0
  649.215	 -5362.0
  650.705	 -5374.0
  652.195	 -5362.0
  653.685	 -5321.0
  655.175	 -5117.0
  656.665	 -4689.0
  658.156	 -4343.0
  659.646	 -3968.0
  661.136	 -3669.0
  662.530	 -3359.0
  663.923	 -3022.0
  665.317	 -2960.0
  666.710	 -3471.0
  668.104	 -3824.0
  669.498	 -4125.0
  670.891	 -4347.0
  672.285	 -4548.0
  673.706	 -4740.0
  675.141	 -4992.0
  676.575	 -5107.0
  678.010	 -5200.0
  679.445	 -5239.0
  680.880	 -5478.0
  682.314	 -5550.0
  683.621	 -5566.0
  684.285	 -5561.0
  684.908	 -5571.0
  685.448	 -5530.0
  685.989	 -5213.0
  687.178	 -5091.0
  688.980	 -5011.0
  690.783	 -5067.0
  692.585	 -5517.0
  694.388	 -5524.0
  696.190	 -5515.0
  697.993	 -5524.0
  699.795	 -5538.0
  701.598	 -5542.0
  703.400	 -5544.0
  705.203	 -5532.0
  707.005	 -5532.0
  708.808	 -5532.0
  710.610	 -5526.0
  712.412	 -5522.0
  714.215	 -5513.0
  716.017	 -5550.0
  717.820	 -5571.0
  719.622	 -5566.0
  721.425	 -5550.0
  723.227	 -5546.0
  725.030	 -5553.0
  726.832	 -5542.0
  728.635	 -5522.0
  730.437	 -5513.0
  732.240	 -5503.0
  733.891	 -5497.0
  735.237	 -5493.0
  736.584	 -5495.0
  737.931	 -5490.0
  739.681	 -5490.0
  741.432	 -5493.0
  743.183	 -5493.0
  744.933	 -5488.0
  746.684	 -5468.0
  748.435	 -5453.0
  750.185	 -5449.0
  751.936	 -5447.0
  753.687	 -5449.0
  755.437	 -5449.0
  757.188	 -5455.0
  758.939	 -5466.0
  760.689	 -5484.0
  762.440	 -5484.0
  764.191	 -5475.0
  765.830	 -5484.0
  766.911	 -5449.0
  767.991	 -5488.0
  779.178	 -5571.0
  779.635	 -5550.0
  780.092	 -5548.0
  781.557	 -5546.0
  783.022	 -5532.0
  784.315	 -5522.0
  785.522	 -5534.0
  786.729	 -5540.0
  787.936	 -5534.0
  789.352	 -5537.0
  791.189	 -5544.0
  793.026	 -5557.0
  794.862	 -5573.0
  796.699	 -5571.0
  798.535	 -5566.0
  800.372	 -5548.0
  802.144	 -5532.0
  803.788	 -5542.0
  805.432	 -5532.0
  807.075	 -5532.0
  808.719	 -5548.0
  810.363	 -5571.0
  812.044	 -5561.0
  813.801	 -5540.0
  815.557	 -5534.0
  817.313	 -5544.0
  818.651	 -5540.0
  819.779	 -5546.0
  820.908	 -5555.0
  822.449	 -5555.0
  824.197	 -5566.0
  825.945	 -5550.0
  827.693	 -5538.0
  829.442	 -5537.0
  831.190	 -5522.0
  832.938	 -5542.0
  834.686	 -5552.0
  836.434	 -5544.0
  838.182	 -5546.0
  839.930	 -5534.0
  841.714	 -5528.0
  843.571	 -5555.0
  845.427	 -5579.0
  847.291	 -5584.0
  849.155	 -5591.0
  851.020	 -5599.0
  852.884	 -5604.0
  854.748	 -5610.0
  856.612	 -5624.0
  858.477	 -5626.0
  860.341	 -5626.0
  862.205	 -5633.0
  864.069	 -5620.0
  865.934	 -5628.0
  867.798	 -5633.0
  869.662	 -5662.0
  871.527	 -5672.0
  873.310	 -5676.0
  875.093	 -5701.0
  876.877	 -5707.0
  878.660	 -5707.0
  880.443	 -5726.0
  882.227	 -5730.0
  884.010	 -5755.0
  885.793	 -5779.0
  887.577	 -5779.0
  889.360	 -5779.0
  891.144	 -5779.0
  892.927	 -5783.0
  894.710	 -5779.0
  896.494	 -5788.0
  898.277	 -5806.0
  900.061	 -5812.0
  901.852	 -5812.0
  903.614	 -5814.0
  905.319	 -5817.0
  907.023	 -5824.0
  908.728	 -5824.0
  910.433	 -5837.0
  912.137	 -5848.0
  913.842	 -5848.0
  915.547	 -5851.0
  917.252	 -5851.0
  918.956	 -5857.0
  920.661	 -5857.0
  922.366	 -5863.0
  924.071	 -5877.0
  925.776	 -5880.0
  927.481	 -5886.0
  929.186	 -5886.0
  930.890	 -5890.0
  932.595	 -5900.0
  934.300	 -5895.0
  936.005	 -5877.0
  937.710	 -5857.0
  939.415	 -5877.0
  941.120	 -5866.0
  942.825	 -5890.0
  944.530	 -5888.0
  946.235	 -5886.0
  947.940	 -5884.0
  949.645	 -5884.0
  951.350	 -5895.0
  952.962	 -5888.0
  954.667	 -5857.0
  956.372	 -5810.0
  958.077	 -5851.0
  959.782	 -5882.0
  961.476	 -5895.0
  963.169	 -5927.0
  964.863	 -5935.0
  966.556	 -5935.0
  968.250	 -5921.0
  969.943	 -5926.0
  971.636	 -5915.0
  973.330	 -5906.0
  975.023	 -5911.0
  976.717	 -5917.0
  978.410	 -5913.0
  980.104	 -5926.0
  981.797	 -5924.0
  983.411	 -5917.0
  985.025	 -5937.0
  986.639	 -5937.0
  988.252	 -5926.0
  989.866	 -5917.0
  991.480	 -5917.0
  993.094	 -5917.0
  994.708	 -5913.0
  996.321	 -5903.0
  997.935	 -5901.0
  999.549	 -5919.0
 1001.163	 -5913.0
 1002.829	 -5917.0
 1004.494	 -5903.0
 1006.160	 -5911.0
 1007.826	 -5917.0
 1009.491	 -5919.0
 1011.157	 -5937.0
 1012.823	 -5937.0
 1014.488	 -5937.0
 1016.154	 -5937.0
 1017.820	 -5940.0
 1019.373	 -5950.0
 1020.871	 -5946.0
 1022.368	 -5932.0
 1023.865	 -5926.0
 1025.363	 -5922.0
 1026.860	 -5922.0
 1028.358	 -5919.0
 1029.855	 -5926.0
 1031.352	 -5937.0
 1032.872	 -5940.0
 1034.436	 -5937.0
 1036.001	 -5932.0
 1037.565	 -5942.0
 1039.129	 -5946.0
 1040.694	 -5937.0
 1042.258	 -5932.0
 1043.822	 -5937.0
 1045.387	 -5926.0
 1046.951	 -5906.0
 1048.516	 -5901.0
 1050.206	 -5901.0
 1051.896	 -5901.0
 1053.586	 -5899.0
 1055.277	 -5895.0
 1056.967	 -5888.0
 1058.657	 -5888.0
 1060.348	 -5901.0
 1062.038	 -5881.0
 1063.728	 -5890.0
 1065.418	 -5890.0
 1067.109	 -5893.0
 1068.799	 -5893.0
 1070.490	 -5893.0
 1072.180	 -5893.0
 1073.870	 -5868.0
 1075.560	 -5850.0
 1077.251	 -5850.0
 1078.941	 -5846.0
 1080.632	 -5839.0
 1082.322	 -5823.0
 1084.012	 -5819.0
 1085.703	 -5810.0
 1087.393	 -5808.0
 1088.975	 -5799.0
 1090.501	 -5797.0
 1092.028	 -5790.0
 1093.555	 -5784.0
 1095.082	 -5781.0
 1096.608	 -5778.0
 1098.135	 -5770.0
 1099.649	 -5770.0
 1101.146	 -5770.0
 1102.626	 -5768.0
 1104.107	 -5761.0
 1105.587	 -5750.0
 1106.680	 -5750.0
 1107.772	 -5747.0
 1108.864	 -5750.0
 1110.335	 -5768.0
 1111.996	 -5741.0
 1113.657	 -5730.0
 1115.323	 -5741.0
 1116.988	 -5739.0
 1118.654	 -5749.0
 1120.320	 -5732.0
 1121.986	 -5734.0
 1123.652	 -5732.0
 1125.318	 -5726.0
 1126.624	 -5737.0
 1127.572	 -5737.0
 1128.520	 -5712.0
 1129.468	 -5701.0
 1130.416	 -5703.0
 1131.364	 -5726.0
 1132.312	 -5730.0
 1133.259	 -5732.0
 1134.207	 -5728.0
 1135.155	 -5726.0
 1136.103	 -5723.0
 1137.051	 -5721.0
 1137.999	 -5719.0
 1138.947	 -5718.0
 1140.004	 -5712.0
 1141.609	 -5716.0
 1143.214	 -5706.0
 1144.854	 -5664.0
 1146.495	 -5675.0
 1148.135	 -5687.0
 1149.775	 -5693.0
 1151.415	 -5721.0
 1153.056	 -5750.0
 1154.696	 -5761.0
 1156.336	 -5737.0
 1157.976	 -5732.0
 1159.617	 -5726.0
 1160.636	 -5714.0
 1161.656	 -5712.0
 1162.627	 -5710.0
 1163.499	 -5706.0
 1164.372	 -5704.0
 1165.244	 -5688.0
 1166.135	 -5670.0
 1167.060	 -5672.0
 1167.986	 -5706.0
 1168.911	 -5741.0
 1170.104	 -5774.0
 1171.297	 -5782.0
 1172.490	 -5792.0
 1173.682	 -5797.0
 1174.875	 -5778.0
 1176.068	 -5772.0
 1177.285	 -5778.0
 1178.513	 -5782.0
 1179.742	 -5782.0
 1180.971	 -5781.0
 1182.199	 -5776.0
 1183.428	 -5781.0
 1184.656	 -5766.0
 1185.885	 -5774.0
 1187.088	 -5772.0
 1188.361	 -5776.0
 1189.985	 -5778.0
 1191.610	 -5774.0
 1193.234	 -5774.0
 1194.859	 -5784.0
 1196.483	 -5784.0
 1198.108	 -5784.0
 1199.732	 -5784.0
 1201.357	 -5779.0
 1203.000	 -5781.0
 1204.643	 -5781.0
 1206.287	 -5784.0
 1207.930	 -5781.0
 1209.573	 -5785.0
 1211.217	 -5789.0
 1212.860	 -5793.0
 1214.504	 -5800.0
 1216.147	 -5799.0
 1217.792	 -5818.0
 1219.437	 -5824.0
 1221.144	 -5846.0
 1222.850	 -5851.0
 1224.557	 -5847.0
 1226.264	 -5847.0
 1227.970	 -5842.0
 1229.677	 -5846.0
 1231.384	 -5838.0
 1233.091	 -5842.0
 1234.797	 -5836.0
 1236.504	 -5833.0
 1238.211	 -5826.0
 1239.917	 -5813.0
 1241.624	 -5831.0
 1243.331	 -5836.0
 1245.038	 -5813.0
 1246.744	 -5815.0
 1248.451	 -5793.0
 1250.158	 -5787.0
 1251.865	 -5818.0
 1253.571	 -5836.0
 1255.278	 -5842.0
 1256.985	 -5833.0
 1258.752	 -5842.0
 1260.550	 -5808.0
 1262.347	 -5802.0
 1264.145	 -5806.0
 1265.942	 -5771.0
 1267.740	 -5802.0
 1269.538	 -5813.0
 1271.335	 -5828.0
 1273.118	 -5826.0
 1274.901	 -5826.0
 1276.683	 -5789.0
 1278.466	 -5799.0
 1280.249	 -5822.0
 1282.031	 -5844.0
 1283.814	 -5851.0
 1285.597	 -5851.0
 1287.379	 -5884.0
 1289.164	 -5857.0
 1290.954	 -5828.0
 1292.743	 -5847.0
 1294.533	 -5855.0
 1296.322	 -5865.0
 1298.112	 -5831.0
 1299.901	 -5822.0
 1301.690	 -5836.0
 1303.480	 -5831.0
 1305.269	 -5813.0
 1307.059	 -5818.0
 1308.848	 -5831.0
 1310.638	 -5831.0
 1312.395	 -5831.0
 1314.136	 -5813.0
 1315.877	 -5813.0
 1317.618	 -5824.0
 1319.359	 -5851.0
 1321.101	 -5851.0
 1322.842	 -5857.0
 1324.583	 -5886.0
 1326.294	 -5904.0
 1328.006	 -5940.0
 1329.717	 -5900.0
 1331.429	 -6036.0
 1333.140	 -6040.0
 1334.852	 -5974.0
 1336.563	 -5857.0
 1338.275	 -5750.0
 1339.987	 -5987.0
 1341.698	 -5974.0
 1343.435	 -5896.0
 1345.184	 -5702.0
 1346.933	 -6011.0
 1348.682	 -6034.0
 1350.431	 -6036.0
 1352.180	 -6042.0
 1353.929	 -6045.0
 1355.678	 -6045.0
 1357.427	 -6064.0
 1359.176	 -6062.0
 1360.925	 -6056.0
 1362.675	 -6045.0
 1364.424	 -5781.0
 1366.173	 -5482.0
 1367.933	 -5339.0
 1369.692	 -5504.0
 1371.452	 -5799.0
 1373.211	 -5806.0
 1374.971	 -5909.0
 1376.731	 -5978.0
 1378.505	 -6027.0
 1380.283	 -6087.0
 1382.067	 -6091.0
 1383.850	 -6067.0
 1385.634	 -6076.0
 1387.418	 -6150.0
 1389.202	 -6165.0
 1390.986	 -6179.0
 1392.770	 -6197.0
 1394.554	 -6222.0
 1396.338	 -6246.0
 1398.122	 -6287.0
 1399.905	 -6318.0
 1401.689	 -6322.0
 1403.473	 -6282.0
 1405.257	 -6114.0
 1407.041	 -5891.0
 1408.825	 -5830.0
 1410.609	 -5735.0
 1412.438	 -5675.0
 1414.289	 -5564.0
 1416.140	 -5598.0
 1417.991	 -5707.0
 1419.842	 -5731.0
 1421.693	 -5781.0
 1423.544	 -5816.0
 1425.395	 -5877.0
 1427.246	 -5853.0
 1429.097	 -5865.0
 1430.836	 -5904.0
 1432.540	 -6067.0
 1434.244	 -6025.0
 1435.948	 -6021.0
 1437.652	 -6052.0
 1439.356	 -6076.0
 1441.060	 -6085.0
 1442.764	 -6078.0
 1444.468	 -6065.0
 1446.172	 -6064.0
 1447.876	 -6036.0
 1449.580	 -6018.0
 1451.284	 -5964.0
 1452.989	 -5986.0
 1454.693	 -6034.0
 1456.397	 -6047.0
 1458.101	 -6047.0
 1459.805	 -5978.0
 1461.509	 -5886.0
 1463.213	 -6027.0
 1464.917	 -6040.0
 1466.622	 -6034.0
 1468.326	 -6009.0
 1470.030	 -5978.0
 1471.734	 -5969.0
 1473.438	 -5929.0
 1475.142	 -5878.0
 1476.847	 -5842.0
 1478.551	 -5802.0
 1480.255	 -5791.0
 1481.959	 -5802.0
 1483.671	 -5830.0
 1485.382	 -5816.0
 1487.067	 -5813.0
 1488.751	 -5813.0
 1490.436	 -5808.0
 1492.121	 -5804.0
 1493.805	 -5813.0
 1495.490	 -5828.0
 1497.174	 -5820.0
 1498.859	 -5851.0
 1500.544	 -5867.0
 1502.228	 -5853.0
 1503.913	 -5865.0
 1505.598	 -5877.0
 1507.282	 -5880.0
 1508.967	 -5908.0
 1510.652	 -5920.0
 1512.336	 -5918.0
 1514.021	 -5935.0
 1515.706	 -5935.0
 1517.390	 -5929.0
 1519.075	 -5925.0
 1520.734	 -5909.0
 1522.393	 -5927.0
 1524.052	 -5925.0
 1525.711	 -5920.0
 1527.370	 -5900.0
 1529.018	 -5891.0
 1530.655	 -5898.0
 1532.291	 -5898.0
 1533.928	 -5902.0
 1535.565	 -5953.0
 1537.201	 -5974.0
 1538.838	 -5947.0
 1540.475	 -5956.0
 1542.112	 -5941.0
 1543.749	 -5931.0
 1545.077	 -5920.0
 1546.095	 -5909.0
 1547.113	 -5908.0
 1552.327	 -5875.0
 1553.326	 -5875.0
 1554.204	 -5880.0
 1555.439	 -5880.0
 1557.032	 -5900.0
 1558.625	 -5906.0
 1560.217	 -5924.0
 1561.810	 -5929.0
 1563.428	 -5911.0
 1565.098	 -5898.0
 1566.768	 -5894.0
 1568.437	 -5904.0
 1570.107	 -5878.0
 1571.777	 -5940.0
 1573.446	 -5929.0
 1575.116	 -5920.0
 1576.786	 -5924.0
 1578.456	 -5935.0
 1580.126	 -5943.0
 1581.786	 -5943.0
 1583.425	 -5943.0
 1585.089	 -5943.0
 1586.753	 -5949.0
 1588.416	 -5958.0
 1590.080	 -5958.0
 1591.744	 -5949.0
 1593.408	 -5920.0
 1595.071	 -5891.0
 1596.735	 -5916.0
 1598.399	 -5920.0
 1600.064	 -5904.0
 1601.728	 -5940.0
 1603.392	 -5998.0
 1605.056	 -5998.0
 1606.721	 -5940.0
 1608.385	 -5784.0
 1610.049	 -5700.0
 1611.714	 -5920.0
 1613.379	 -5851.0
 1615.043	 -5877.0
 1616.708	 -5884.0
 1618.373	 -5880.0
 1620.038	 -5838.0
 1621.702	 -5706.0
 1623.367	 -5784.0
 1625.032	 -5842.0
 1626.698	 -5875.0
 1628.363	 -5894.0
 1630.028	 -5906.0
 1631.693	 -5875.0
 1633.358	 -5867.0
 1635.049	 -5871.0
 1636.749	 -5891.0
 1638.448	 -5943.0
 1640.148	 -5945.0
 1641.847	 -5933.0
 1643.547	 -5865.0
 1645.247	 -5842.0
 1646.947	 -5784.0
 1648.647	 -5678.0
 1650.347	 -5598.0
 1652.047	 -5609.0
 1653.747	 -5724.0
 1655.447	 -5802.0
 1657.147	 -5822.0
 1658.847	 -5828.0
 1660.548	 -5813.0
 1662.248	 -5784.0
 1663.949	 -5753.0
 1665.647	 -5750.0
 1667.345	 -5748.0
 1669.043	 -5744.0
 1670.741	 -5744.0
 1672.439	 -5748.0
 1674.137	 -5740.0
 1675.835	 -5724.0
 1677.534	 -5715.0
 1679.232	 -5733.0
 1680.930	 -5682.0
 1682.629	 -5721.0
 1684.327	 -5735.0
 1686.040	 -5744.0
 1687.753	 -5750.0
 1689.463	 -5753.0
 1691.172	 -5760.0
 1692.881	 -5762.0
 1694.590	 -5752.0
 1696.299	 -5715.0
 1698.008	 -5740.0
 1699.717	 -5758.0
 1701.427	 -5769.0
 1703.136	 -5797.0
 1704.845	 -5802.0
 1706.555	 -5808.0
 1708.203	 -5822.0
 1709.820	 -5789.0
 1711.437	 -5846.0
 1713.053	 -5880.0
 1714.670	 -5909.0
 1716.288	 -5924.0
 1717.905	 -5943.0
 1719.522	 -5953.0
 1721.138	 -5967.0
 1722.755	 -5980.0
 1724.372	 -5996.0
 1725.989	 -5987.0
 1727.606	 -6005.0
 1729.223	 -6018.0
 1730.840	 -6065.0
 1732.457	 -6078.0
 1734.074	 -6091.0
 1735.685	 -6097.0
 1737.296	 -6112.0
 1738.907	 -6109.0
 1740.518	 -6187.0
 1742.129	 -6169.0
 1743.740	 -6174.0
 1745.351	 -6189.0
 1746.962	 -6205.0
 1748.573	 -6242.0
 1750.184	 -6260.0
 1751.795	 -6295.0
 1753.421	 -6307.0
 1755.047	 -6349.0
 1756.673	 -6369.0
 1758.299	 -6443.0
 1759.926	 -6463.0
 1761.552	 -6482.0
 1763.178	 -6550.0
 1764.804	 -6689.0
 1766.430	 -6815.0
 1768.056	 -7097.0
 1769.679	 -7226.0
 1771.301	 -7120.0
 1772.922	 -7168.0
 1774.543	 -7041.0
 1776.165	 -7149.0
 1777.786	 -7265.0
 1779.407	 -7346.0
 1781.029	 -7435.0
 1782.650	 -7519.0
 1784.302	 -8221.0
 1785.953	 -8161.0
 1787.646	 -8251.0
 1789.340	 -8251.0
 1791.033	 -8175.0
 1792.726	 -8091.0
 1794.420	 -8101.0
 1796.113	 -8181.0
 1797.807	 -8291.0
 1799.500	 -8422.0
 1801.193	 -8634.0
 1802.887	 -8825.0
 1804.580	 -8916.0
 1806.274	 -8976.0
 1807.967	 -9099.0
 1809.660	 -9180.0
 1811.354	 -9483.0
 1813.047	 -9716.0
 1814.741	 -9718.0
 1816.434	 -9544.0
 1818.127	 -9300.0
 1819.821	 -9038.0
 1821.537	 -8733.0
 1823.299	 -8553.0
 1825.061	 -8251.0
 1826.823	 -8281.0
 1828.585	 -7632.0
 1830.347	 -7027.0
 1832.109	 -6949.0
 1833.871	 -6614.0
 1835.670	 -6555.0
 1837.469	 -6456.0
 1839.269	 -6291.0
 1841.068	 -5822.0
 1842.867	 -5411.0
 1844.666	 -5299.0
 1846.465	 -4971.0
 1848.264	 -4663.0
 1850.063	 -4496.0
 1851.862	 -4318.0
 1853.665	 -4385.0
 1855.474	 -4413.0
 1857.283	 -4413.0
 1859.092	 -4404.0
 1860.902	 -4413.0
 1862.711	 -4362.0
 1864.520	 -4080.0
 1866.330	 -4146.0
 1868.139	 -4044.0
 1869.948	 -3944.0
 1871.758	 -3747.0
 1873.567	 -3482.0
 1875.377	 -3311.0
 1877.186	 -3184.0
 1878.996	 -3037.0
 1880.805	 -2921.0
 1882.615	 -2868.0
 1884.424	 -2708.0
 1886.087	 -2563.0
 1887.749	 -2432.0
 1889.382	 -2638.0
 1891.151	 -2620.0
 1892.988	 -2618.0
 1894.825	 -2552.0
 1896.662	 -2505.0
 1898.482	 -2442.0
 1900.302	 -2129.0
 1902.121	 -1986.0
 1903.941	 -2475.0
 1905.760	 -2725.0
 1907.580	 -2706.0
 1909.399	 -2588.0
 1911.219	 -2432.0
 1913.039	 -1929.0
 1914.858	 -1755.0
 1916.678	 -1554.0
 1918.497	 -1603.0
 1920.317	 -1933.0
 1922.136	 -2054.0
 1923.980	 -2186.0
 1925.874	 -2502.0
 1927.768	 -2830.0
 1929.604	 -3046.0
 1931.439	 -3406.0
 1933.275	 -3803.0
 1935.110	 -3803.0
 1936.945	 -3813.0
 1938.780	 -3826.0
 1940.616	 -3837.0
 1942.451	 -3864.0
 1944.286	 -3881.0
 1946.121	 -3891.0
 1947.939	 -3906.0
 1949.723	 -3922.0
 1951.507	 -3965.0
 1953.291	 -3963.0
 1954.946	 -3972.0
 1956.601	 -3992.0
 1958.236	 -4009.0
 1959.932	 -4013.0
 1961.769	 -4016.0
 1963.607	 -4022.0
 1965.444	 -4047.0
 1967.281	 -4032.0
 1969.119	 -4036.0
 1970.956	 -4047.0
 1972.793	 -4047.0
 1974.631	 -4053.0
 1976.468	 -4047.0
 1978.305	 -4044.0
 1980.142	 -4040.0
 1981.979	 -4034.0
 1983.816	 -4029.0
 1985.653	 -4022.0
 1987.490	 -4016.0
 1989.327	 -4014.0
 1991.164	 -4013.0
 1993.001	 -3990.0
 1994.673	 -3979.0
 1996.181	 -3977.0
 1997.688	 -3979.0
 1999.196	 -3970.0
 2000.703	 -3952.0
 2002.211	 -3948.0
 2003.719	 -3942.0
 2005.226	 -3952.0
 2006.734	 -3965.0
 2008.241	 -3963.0
 2009.749	 -3959.0
 2011.256	 -3975.0
 2012.277	 -3955.0
 2013.298	 -3948.0
 2014.319	 -3938.0
 2015.340	 -3940.0
 2016.361	 -3935.0
 2017.382	 -3931.0
 2018.403	 -3942.0
 2019.424	 -3948.0
 2020.444	 -3961.0
 2021.465	 -3959.0
 2022.486	 -3963.0
 2023.507	 -3961.0
 2024.528	 -3968.0
 2025.549	 -3967.0
 2026.570	 -3979.0
 2027.591	 -3994.0
 2028.612	 -4009.0
 2029.633	 -4029.0
 2030.654	 -4018.0
 2031.675	 -4036.0
 2032.769	 -4032.0
 2034.227	 -4049.0
 2035.686	 -4059.0
 2037.145	 -4060.0
 2038.604	 -4066.0
 2040.063	 -4078.0
 2041.522	 -4099.0
 2042.981	 -4118.0
 2044.440	 -4151.0
 2045.899	 -4151.0
 2047.359	 -4151.0
 2048.818	 -4151.0
 2050.277	 -4151.0
 2051.737	 -4151.0
 2053.196	 -4151.0
 2054.656	 -4151.0
 2056.116	 -4151.0
 2057.575	 -4151.0
 2059.035	 -4151.0
 2060.495	 -4151.0
 2061.955	 -4151.0
 2063.415	 -4154.0
 2064.875	 -4154.0
 2066.335	 -4156.0
 2067.890	 -4156.0
 2069.448	 -4158.0
 2071.006	 -4158.0
 2072.564	 -4160.0
 2074.122	 -4160.0
 2075.680	 -4160.0
 2077.283	 -4162.0
 2078.885	 -4162.0
 2080.488	 -4162.0
 2082.090	 -4160.0
 2083.693	 -4160.0
 2084.624	 -4162.0
 2085.554	 -4162.0
 2086.485	 -4162.0
 2087.416	 -4164.0
 2088.347	 -4162.0
 2089.278	 -4162.0
 2090.208	 -4162.0
 2091.090	 -4148.0
 2091.972	 -4140.0
 2092.854	 -4146.0
 2093.736	 -4138.0
 2094.618	 -4146.0
 2095.499	 -4135.0
 2096.381	 -4120.0
 2097.263	 -4106.0
 2098.145	 -4106.0
 2099.027	 -4106.0
 2099.909	 -4105.0
 2100.791	 -4105.0
 2101.672	 -4121.0
 2102.587	 -4136.0
 2103.567	 -4136.0
 2104.794	 -4140.0
 2106.269	 -4140.0
 2107.743	 -4138.0
 2109.218	 -4142.0
 2110.693	 -4140.0
 2112.272	 -4133.0
 2113.851	 -4138.0
 2115.431	 -4138.0
 2117.010	 -4135.0
 2118.590	 -4136.0
 2120.169	 -4131.0
 2121.748	 -4136.0
 2123.328	 -4138.0
 2124.907	 -4131.0
 2126.486	 -4142.0
 2128.037	 -4144.0
 2129.529	 -4144.0
 2131.020	 -4146.0
 2132.512	 -4146.0
 2134.004	 -4146.0
 2135.496	 -4146.0
 2136.988	 -4144.0
 2138.480	 -4142.0
 2139.962	 -4140.0
 2141.444	 -4136.0
 2142.926	 -4135.0
 2144.408	 -4133.0
 2145.890	 -4131.0
 2147.372	 -4133.0
 2148.854	 -4129.0
 2150.336	 -4127.0
 2151.818	 -4123.0
 2153.300	 -4123.0
 2154.782	 -4123.0
 2156.264	 -4114.0
 2157.746	 -4108.0
 2159.228	 -4099.0
 2160.710	 -4090.0
 2162.192	 -4080.0
 2163.572	 -4075.0
 2164.973	 -4075.0
 2166.396	 -4068.0
 2167.820	 -4066.0
 2169.243	 -4060.0
 2170.666	 -4057.0
 2172.471	 -4057.0
 2173.763	 -4051.0
 2175.056	 -4044.0
 2176.145	 -4042.0
 2177.235	 -4040.0
 2178.325	 -4038.0
 2179.414	 -4036.0
 2180.504	 -4034.0
 2181.594	 -4030.0
 2182.683	 -4029.0
 2183.773	 -4029.0
 2184.862	 -4022.0
 2185.952	 -4020.0
 2187.042	 -4018.0
 2188.131	 -4013.0
 2189.221	 -4009.0
 2190.311	 -4007.0
 2191.400	 -4003.0
 2192.490	 -4001.0
 2193.608	 -3996.0
 2194.741	 -3994.0
 2195.874	 -3992.0
 2197.007	 -3988.0
 2197.795	 -3988.0
 2198.583	 -3984.0
 2201.606	 -3986.0
 2202.454	 -3988.0
 2203.301	 -3990.0
 2204.149	 -3990.0
 2204.996	 -3992.0
 2205.844	 -3994.0
 2206.691	 -3994.0
 2207.899	 -3994.0
 2209.082	 -3994.0
 2210.260	 -3994.0
 2211.639	 -3994.0
 2213.051	 -3992.0
 2214.528	 -3984.0
 2216.072	 -3975.0
 2217.630	 -3965.0
 2219.188	 -3957.0
 2220.745	 -3937.0
 2222.303	 -3927.0
 2223.860	 -3913.0
 2225.418	 -3907.0
 2226.975	 -3907.0
 2228.533	 -3889.0
 2230.091	 -3889.0
 2231.648	 -3879.0
 2233.206	 -3874.0
 2234.816	 -3870.0
 2236.452	 -3857.0
 2238.089	 -3851.0
 2239.725	 -3826.0
 2241.323	 -3788.0
 2242.841	 -3775.0
 2244.409	 -3766.0
 2245.976	 -3756.0
 2247.544	 -3751.0
 2249.111	 -3742.0
 2250.678	 -3735.0
 2252.246	 -3725.0
 2253.813	 -3714.0
 2255.380	 -3709.0
 2256.948	 -3703.0
 2258.515	 -3695.0
 2260.082	 -3695.0
 2261.650	 -3623.0
 2263.215	 -3644.0
 2264.780	 -3647.0
 2266.345	 -3647.0
 2267.910	 -3640.0
 2269.475	 -3634.0
 2271.040	 -3631.0
 2272.614	 -3619.0
 2274.206	 -3616.0
 2275.798	 -3604.0
 2277.389	 -3599.0
 2278.981	 -3597.0
 2280.573	 -3593.0
 2282.165	 -3589.0
 2283.756	 -3586.0
 2285.348	 -3584.0
 2286.940	 -3578.0
 2288.532	 -3576.0
 2290.123	 -3571.0
 2291.715	 -3565.0
 2292.986	 -3561.0
 2294.096	 -3558.0
 2295.206	 -3552.0
 2296.317	 -3543.0
 2297.427	 -3523.0
 2298.537	 -3538.0
 2299.647	 -3536.0
 2300.758	 -3534.0
 2301.868	 -3528.0
 2302.978	 -3527.0
 2304.089	 -3527.0
 2305.199	 -3512.0
 2306.309	 -3491.0
 2307.419	 -3491.0
 2308.530	 -3519.0
 2309.640	 -3510.0
 2310.750	 -3500.0
 2311.860	 -3495.0
 2312.971	 -3491.0
 2314.081	 -3489.0
 2315.191	 -3485.0
 2316.302	 -3478.0
 2317.412	 -3472.0
 2318.522	 -3468.0
 2319.632	 -3465.0
 2320.743	 -3463.0
 2321.853	 -3455.0
 2322.963	 -3453.0
 2324.073	 -3457.0
 2325.184	 -3463.0
 2326.728	 -3455.0
 2328.359	 -3453.0
 2329.990	 -3450.0
 2331.621	 -3453.0
 2333.252	 -3450.0
 2334.883	 -3434.0
 2336.513	 -3424.0
 2338.144	 -3421.0
 2339.775	 -3424.0
 2341.406	 -3428.0
 2343.037	 -3424.0
 2344.668	 -3415.0
 2346.298	 -3424.0
 2347.929	 -3419.0
 2349.560	 -3415.0
 2351.191	 -3396.0
 2352.802	 -3387.0
 2354.404	 -3381.0
 2356.005	 -3377.0
 2357.607	 -3370.0
 2359.209	 -3353.0
 2360.810	 -3339.0
 2362.412	 -3324.0
 2364.013	 -3311.0
 2365.615	 -3311.0
 2367.216	 -3292.0
 2368.818	 -3264.0
 2370.419	 -3216.0
 2372.021	 -3156.0
 2373.571	 -3074.0
 2375.122	 -2998.0
 2376.673	 -2913.0
 2378.223	 -2817.0
 2379.792	 -2732.0
 2381.361	 -2511.0
 2382.929	 -2357.0
 2384.498	 -2234.0
 2386.055	 -2087.0
 2387.588	 -2144.0
 2389.120	 -2163.0
 2390.653	 -2191.0
 2392.185	 -2106.0
 2393.718	 -2165.0
 2395.250	 -2070.0
 2396.783	 -1886.0
 2398.316	 -1801.0
 2399.929	 -1818.0
 2401.584	 -1905.0
 2403.239	 -1933.0
 2404.893	 -1933.0
 2406.515	 -1962.0
 2408.070	 -1880.0
 2409.626	 -1869.0
 2411.182	 -1910.0
 2412.737	 -1905.0
 2414.301	 -1899.0
 2415.880	 -1971.0
 2417.460	 -2003.0
 2419.039	 -2112.0
 2420.611	 -2169.0
 2422.183	 -2174.0
 2423.755	 -2208.0
 2425.327	 -2302.0
 2426.899	 -2355.0
 2428.471	 -2402.0
 2430.043	 -2455.0
 2431.615	 -2432.0
 2433.188	 -2470.0
 2434.742	 -2652.0
 2436.287	 -2911.0
 2437.833	 -3052.0
 2439.378	 -3121.0
 2440.924	 -3169.0
 2442.469	 -3258.0
 2444.015	 -3349.0
 2445.560	 -3538.0
 2447.106	 -3368.0
 2448.651	 -3190.0
 2450.197	 -3147.0
 2451.742	 -3143.0
 2453.288	 -3039.0
 2454.833	 -2964.0
 2456.451	 -2830.0
 2458.069	 -2727.0
 2459.687	 -2657.0
 2461.305	 -2772.0
 2462.923	 -2745.0
 2464.541	 -2520.0
 2466.159	 -2359.0
 2467.762	 -2361.0
 2469.365	 -2385.0
 2470.968	 -2306.0
 2472.572	 -2278.0
 2474.175	 -2398.0
 2475.778	 -2451.0
 2477.381	 -2487.0
 2478.984	 -2315.0
 2480.587	 -2048.0
 2482.190	 -2306.0
 2483.793	 -2492.0
 2485.396	 -3169.0
 2486.999	 -3188.0
 2488.603	 -3084.0
 2490.206	 -3491.0
 2491.809	 -3383.0
 2493.412	 -3283.0
 2495.015	 -3260.0
 2496.618	 -3239.0
 2498.221	 -3188.0
 2499.825	 -3103.0
 2501.428	 -2953.0
 2503.106	 -2820.0
 2504.783	 -2727.0
 2506.461	 -2520.0
 2508.139	 -2395.0
 2509.817	 -2380.0
 2511.494	 -2385.0
 2513.172	 -2193.0
 2514.850	 -2334.0
 2516.513	 -2138.0
 2518.176	 -2558.0
 2519.839	 -2704.0
 2521.502	 -2648.0
 2523.165	 -2646.0
 2524.828	 -2530.0
 2526.491	 -2462.0
 2528.154	 -2395.0
 2529.817	 -2453.0
 2531.480	 -2492.0
 2533.044	 -2451.0
 2534.560	 -2445.0
 2536.076	 -2567.0
 2537.591	 -2605.0
 2539.107	 -2798.0
 2540.623	 -2876.0
 2542.139	 -2820.0
 2543.698	 -2605.0
 2545.300	 -2389.0
 2546.902	 -2117.0
 2548.504	 -2082.0
 2550.106	 -2502.0
 2551.708	 -2408.0
 2553.310	 -2464.0
 2554.912	 -2548.0
 2556.514	 -2251.0
 2558.116	 -2311.0
 2559.717	 -2385.0
 2561.319	 -2522.0
 2562.921	 -2479.0
 2564.555	 -2251.0
 2566.190	 -2214.0
 2567.865	 -2306.0
 2569.620	 -2294.0
 2571.375	 -2255.0
 2573.130	 -2171.0
 2574.884	 -2167.0
 2576.639	 -2204.0
 2578.394	 -2374.0
 2580.148	 -2443.0
 2581.903	 -2451.0
 2583.657	 -2522.0
 2585.412	 -2622.0
 2587.166	 -2691.0
 2588.920	 -2646.0
 2590.674	 -2622.0
 2592.495	 -2879.0
 2594.350	 -2911.0
 2596.204	 -3005.0
 2598.059	 -3026.0
 2599.882	 -3022.0
 2601.645	 -3020.0
 2603.407	 -3024.0
 2605.169	 -3041.0
 2606.931	 -3065.0
 2608.693	 -3065.0
 2610.454	 -3069.0
 2612.216	 -3063.0
 2613.978	 -3044.0
 2615.739	 -2781.0
 2617.531	 -2868.0
 2619.326	 -2894.0
 2621.125	 -2803.0
 2622.924	 -2740.0
 2624.723	 -2772.0
 2626.522	 -2637.0
 2628.321	 -2721.0
 2630.120	 -2849.0
 2631.919	 -2878.0
 2633.718	 -2913.0
 2635.516	 -2891.0
 2637.315	 -2956.0
 2639.113	 -3052.0
 2640.912	 -3147.0
 2642.710	 -3235.0
 2644.508	 -3283.0
 2646.306	 -3305.0
 2648.104	 -3364.0
 2649.902	 -3364.0
 2651.707	 -3404.0
 2653.512	 -3478.0
 2655.316	 -3822.0
 2657.107	 -4018.0
 2658.897	 -4242.0
 2660.688	 -4395.0
 2662.478	 -4463.0
 2664.268	 -4503.0
 2666.059	 -4709.0
 2667.849	 -4917.0
 2669.639	 -5008.0
 2671.427	 -5105.0
 2673.214	 -5111.0
 2675.002	 -5100.0
 2676.790	 -5082.0
 2678.578	 -5084.0
 2680.366	 -5087.0
 2682.153	 -5086.0
 2683.941	 -5086.0
 2685.729	 -5067.0
 2687.517	 -5076.0
 2689.305	 -5144.0
 2691.092	 -5118.0
 2692.880	 -5078.0
 2694.668	 -5078.0
 2696.456	 -5082.0
 2698.243	 -5097.0
 2700.031	 -5124.0
 2701.819	 -5133.0
 2703.607	 -5159.0
 2705.395	 -5222.0
 2707.191	 -5273.0
 2709.004	 -5270.0
 2710.817	 -5222.0
 2712.631	 -5213.0
 2714.444	 -5218.0
 2716.258	 -5226.0
 2718.071	 -5244.0
 2719.884	 -5286.0
 2721.698	 -5299.0
 2723.511	 -5312.0
 2725.332	 -5306.0
 2727.152	 -5231.0
 2728.973	 -5167.0
 2730.794	 -5133.0
 2732.614	 -5124.0
 2734.435	 -5153.0
 2736.256	 -5144.0
 2738.076	 -5105.0
 2739.826	 -5095.0
 2741.575	 -5144.0
 2743.325	 -5202.0
 2745.074	 -5202.0
 2746.824	 -5206.0
 2748.573	 -5202.0
 2750.322	 -5193.0
 2752.072	 -5237.0
 2753.821	 -5247.0
 2755.571	 -5266.0
 2757.320	 -5284.0
 2759.070	 -5288.0
 2760.819	 -5312.0
 2762.568	 -5328.0
 2764.318	 -5319.0
 2766.067	 -5312.0
 2767.817	 -5319.0
 2769.566	 -5319.0
 2771.377	 -5322.0
 2773.188	 -5322.0
 2774.999	 -5326.0
 2776.810	 -5326.0
 2778.613	 -5337.0
 2780.416	 -5337.0
 2782.220	 -5343.0
 2784.023	 -5343.0
 2785.827	 -5343.0
 2787.630	 -5347.0
 2789.433	 -5347.0
 2791.237	 -5347.0
 2793.040	 -5359.0
 2794.844	 -5355.0
 2796.647	 -5366.0
 2798.450	 -5370.0
 2800.254	 -5257.0
 2802.058	 -5208.0
 2803.865	 -5301.0
 2805.672	 -5366.0
 2807.479	 -5361.0
 2809.286	 -5361.0
 2811.093	 -5357.0
 2812.900	 -5308.0
 2814.707	 -5353.0
 2816.515	 -5365.0
 2818.322	 -5365.0
 2820.129	 -5368.0
 2821.936	 -5365.0
 2823.742	 -5376.0
 2825.550	 -5368.0
 2827.350	 -5374.0
 2829.147	 -5386.0
 2830.945	 -5388.0
 2832.742	 -5384.0
 2834.540	 -5378.0
 2836.341	 -5386.0
 2838.143	 -5374.0
 2839.945	 -5359.0
 2841.747	 -5365.0
 2843.549	 -5378.0
 2845.351	 -5359.0
 2847.153	 -5372.0
 2848.955	 -5319.0
 2850.757	 -5343.0
 2852.559	 -5310.0
 2854.361	 -5306.0
 2856.163	 -5312.0
 2857.965	 -5341.0
 2859.772	 -5253.0
 2861.578	 -5241.0
 2863.384	 -5322.0
 2865.191	 -5308.0
 2866.997	 -5303.0
 2868.783	 -5258.0
 2870.558	 -5260.0
 2872.334	 -5255.0
 2874.110	 -5366.0
 2875.885	 -5378.0
 2877.661	 -5376.0
 2879.437	 -5374.0
 2881.212	 -5392.0
 2882.988	 -5388.0
 2884.764	 -5384.0
 2886.514	 -5414.0
 2888.263	 -5480.0
 2890.013	 -5459.0
 2891.763	 -5459.0
 2893.513	 -5456.0
 2895.263	 -5459.0
 2897.013	 -5467.0
 2898.763	 -5463.0
 2900.512	 -5473.0
 2902.262	 -5482.0
 2904.012	 -5502.0
 2905.762	 -5521.0
 2907.512	 -5538.0
 2909.262	 -5551.0
 2911.012	 -5573.0
 2912.762	 -5593.0
 2914.512	 -5605.0
 2916.261	 -5605.0
 2918.011	 -5614.0
 2919.761	 -5629.0
 2921.511	 -5634.0
 2923.261	 -5644.0
 2925.011	 -5647.0
 2926.761	 -5657.0
 2928.511	 -5667.0
 2930.261	 -5676.0
 2932.011	 -5684.0
 2933.761	 -5696.0
 2935.434	 -5700.0
 2937.032	 -5715.0
 2938.630	 -5724.0
 2940.227	 -5729.0
 2941.825	 -5731.0
 2943.422	 -5744.0
 2945.020	 -5748.0
 2946.617	 -5750.0
 2948.214	 -5762.0
 2949.811	 -5773.0
 2951.408	 -5789.0
 2953.005	 -5802.0
 2954.602	 -5822.0
 2956.199	 -5836.0
 2957.796	 -5847.0
 2959.392	 -5851.0
 2960.989	 -5865.0
 2962.586	 -5867.0
 2964.182	 -5871.0
 2965.778	 -5882.0
 2967.375	 -5891.0
 2968.971	 -5908.0
 2970.567	 -5916.0
 2972.163	 -5929.0
 2973.759	 -5945.0
 2975.355	 -5937.0
 2976.951	 -5940.0
 2978.547	 -5949.0
 2980.142	 -5972.0
 2981.738	 -5987.0
 2983.333	 -5996.0
 2984.929	 -5994.0
 2986.509	 -6003.0
 2988.088	 -6011.0
 2989.668	 -6019.0
 2991.247	 -6021.0
 2992.827	 -6023.0
 2994.406	 -6029.0
 2995.985	 -6036.0
 2997.564	 -6036.0
 2999.143	 -6036.0
 3000.722	 -6038.0
 3002.301	 -6040.0
 3003.880	 -6031.0
 3005.459	 -6029.0
 3007.038	 -6040.0
 3008.616	 -5978.0
 3010.195	 -5972.0
 3011.773	 -5972.0
 3013.352	 -5958.0
 3014.930	 -5933.0
 3016.508	 -5884.0
 3018.042	 -5838.0
 3019.576	 -5744.0
 3021.110	 -5484.0
 3022.644	 -5414.0
 3024.178	 -5554.0
 3025.711	 -5388.0
 3027.328	 -5258.0
 3028.944	 -5138.0
 3030.561	 -4847.0
 3032.177	 -4663.0
 3033.776	 -4314.0
 3035.375	 -3968.0
 3036.973	 -3904.0
 3038.572	 -3747.0
 3040.170	 -3099.0
 3041.768	 -2984.0
 3043.367	 -2853.0
 3044.965	 -2518.0
 3046.563	 -2188.0
 3048.161	 -1779.0
 3049.759	 -1871.0
 3051.357	 -2445.0
 3052.955	 -2859.0
 3054.553	 -3192.0
 3056.339	 -3320.0
 3058.126	 -3523.0
 3059.511	 -3660.0
 3060.695	 -3649.0
 3061.550	 -3718.0
 3062.607	 -3482.0
 3080.071	 -2802.0
 3081.756	 -3255.0
 3083.442	 -3576.0
 3085.128	 -3841.0
 3086.813	 -4080.0
 3088.499	 -4212.0
 3090.184	 -4711.0
 3091.870	 -4816.0
 3093.557	 -4907.0
 3095.244	 -4971.0
 3096.931	 -5091.0
 3098.618	 -5193.0
 3100.305	 -5251.0
 3101.992	 -5289.0
 3103.678	 -5401.0
 3105.365	 -5427.0
 3107.051	 -5521.0
 3108.738	 -5546.0
 3110.424	 -5638.0
 3112.110	 -5676.0
 3113.796	 -5724.0
 3115.539	 -5771.0
 3117.281	 -5787.0
 3119.023	 -5804.0
 3120.765	 -5813.0
 3122.507	 -5826.0
 3124.234	 -5831.0
 3125.929	 -5833.0
 3127.625	 -5842.0
 3129.321	 -5846.0
 3131.016	 -5847.0
 3132.711	 -5851.0
 3134.407	 -5844.0
 3136.102	 -5862.0
 3137.797	 -5880.0
 3139.492	 -5889.0
 3141.187	 -5889.0
 3142.882	 -5900.0
 3144.577	 -5900.0
 3146.271	 -5914.0
 3147.966	 -5927.0
 3149.660	 -5929.0
 3151.355	 -5933.0
 3153.049	 -5927.0
 3154.743	 -5924.0
 3156.413	 -5920.0
 3158.071	 -5924.0
 3159.305	 -5935.0
 3160.540	 -5929.0
 3161.774	 -5947.0
 3163.008	 -5949.0
 3164.242	 -5937.0
 3165.477	 -5918.0
 3166.711	 -5925.0
 3167.945	 -5927.0
 3169.179	 -5933.0
 3170.413	 -5924.0
 3171.648	 -5927.0
 3172.835	 -5909.0
 3174.000	 -5904.0
 3175.164	 -5904.0
 3176.328	 -5896.0
 3177.493	 -5898.0
 3178.657	 -5878.0
 3179.821	 -5894.0
 3180.986	 -5893.0
 3182.150	 -5891.0
 3183.314	 -5878.0
 3184.478	 -5877.0
 3185.466	 -5871.0
 3186.101	 -5871.0
 3186.875	 -5867.0
 3187.926	 -5871.0
 3188.978	 -5869.0
 3190.030	 -5873.0
 3191.082	 -5863.0
 3192.133	 -5871.0
 3193.185	 -5863.0
 3194.237	 -5857.0
 3195.288	 -5849.0
 3196.340	 -5847.0
 3197.391	 -5846.0
 3198.443	 -5838.0
 3199.495	 -5831.0
 3200.546	 -5840.0
 3201.598	 -5855.0
 3202.649	 -5865.0
 3203.701	 -5878.0
 3204.753	 -5750.0
 3205.804	 -5871.0
 3206.856	 -5853.0
 3207.907	 -5824.0
 3208.959	 -5813.0
 3210.010	 -5785.0
 3211.062	 -5773.0
 3212.113	 -5779.0
 3213.165	 -5784.0
 3214.216	 -5766.0
 3215.268	 -5768.0
 3216.319	 -5764.0
 3217.371	 -5760.0
 3218.595	 -5760.0
 3219.835	 -5750.0
 3221.083	 -5750.0
 3222.331	 -5752.0
 3223.579	 -5752.0
 3224.827	 -5752.0
 3226.075	 -5755.0
 3227.323	 -5753.0
 3228.571	 -5748.0
 3229.819	 -5762.0
 3231.067	 -5764.0
 3232.314	 -5768.0
 3233.562	 -5779.0
 3234.810	 -5758.0
 3236.058	 -5752.0
 3237.306	 -5744.0
 3238.554	 -5744.0
 3239.801	 -5753.0
 3241.049	 -5748.0
 3242.297	 -5740.0
 3243.640	 -5742.0
 3244.984	 -5748.0
 3246.327	 -5753.0
 3247.671	 -5755.0
 3249.014	 -5752.0
 3250.358	 -5744.0
 3251.701	 -5744.0
 3253.056	 -5715.0
 3254.411	 -5752.0
 3255.766	 -5713.0
 3257.120	 -5784.0
 3258.475	 -5842.0
 3259.830	 -5877.0
 3261.184	 -5869.0
 3262.539	 -5871.0
 3263.894	 -5871.0
 3265.248	 -5871.0
 3266.603	 -5862.0
 3267.957	 -5871.0
 3269.312	 -5884.0
 3270.667	 -5891.0
 3272.021	 -5947.0
 3273.375	 -5904.0
 3274.730	 -5898.0
 3276.090	 -5886.0
 3277.659	 -5886.0
 3279.227	 -5880.0
 3280.796	 -5898.0
 3282.364	 -5676.0
 3283.933	 -5797.0
 3285.501	 -5771.0
 3287.070	 -5847.0
 3288.638	 -5859.0
 3290.206	 -5873.0
 3291.775	 -5904.0
 3293.343	 -5882.0
 3294.911	 -5884.0
 3296.479	 -5875.0
 3298.011	 -5889.0
 3299.542	 -5878.0
 3301.073	 -5865.0
 3302.604	 -5853.0
 3304.135	 -5859.0
 3305.666	 -5846.0
 3307.197	 -5818.0
 3308.728	 -5828.0
 3310.259	 -5840.0
 3311.944	 -5846.0
 3313.630	 -5804.0
 3315.315	 -5826.0
 3317.000	 -5816.0
 3318.637	 -5824.0
 3320.236	 -5844.0
 3321.835	 -5831.0
 3323.434	 -5851.0
 3325.085	 -5824.0
 3326.844	 -5853.0
 3328.602	 -5846.0
 3330.360	 -5844.0
 3332.118	 -5857.0
 3333.877	 -5853.0
 3335.635	 -5855.0
 3337.394	 -5847.0
 3339.153	 -5871.0
 3340.912	 -5849.0
 3342.671	 -5828.0
 3344.430	 -5826.0
 3346.189	 -5813.0
 3347.948	 -5820.0
 3349.707	 -5815.0
 3351.467	 -5815.0
 3353.226	 -5799.0
 3354.986	 -5791.0
 3356.746	 -5826.0
 3358.505	 -5831.0
 3360.265	 -5824.0
 3362.025	 -5813.0
 3363.785	 -5826.0
 3365.546	 -5842.0
 3367.306	 -5828.0
 3369.061	 -5818.0
 3370.817	 -5813.0
 3372.572	 -5822.0
 3374.328	 -5824.0
 3376.084	 -5816.0
 3377.840	 -5811.0
 3379.596	 -5806.0
 3381.352	 -5800.0
 3383.108	 -5802.0
 3384.864	 -5789.0
 3386.620	 -5779.0
 3388.377	 -5769.0
 3390.133	 -5764.0
 3391.890	 -5744.0
 3393.647	 -5729.0
 3395.404	 -5711.0
 3397.160	 -5696.0
 3398.917	 -5682.0
 3400.675	 -5638.0
 3402.432	 -5598.0
 3404.189	 -5562.0
 3405.947	 -5521.0
 3407.704	 -5463.0
 3409.465	 -5411.0
 3411.229	 -5357.0
 3412.992	 -5280.0
 3414.756	 -5167.0
 3416.519	 -5025.0
 3418.283	 -4932.0
 3420.046	 -4624.0
 3421.810	 -4490.0
 3423.574	 -4242.0
 3425.338	 -4013.0
 3427.102	 -3662.0
 3428.387	 -3519.0
 3429.576	 -3359.0
 3430.983	 -3216.0
 3432.499	 -3028.0
 3434.069	 -2614.0
 3435.640	 -2129.0
 3438.344	 -1250.0
 3439.639	 -1143.0
 3440.933	 -1510.0
 3442.228	 -1905.0
 3443.523	 -2146.0
 3444.818	 -2315.0
 3446.129	 -2462.0
 3447.448	 -2802.0
 3448.841	 -2962.0
 3450.599	 -3424.0
 3452.356	 -3927.0
 3454.114	 -4337.0
 3455.872	 -4686.0
 3457.630	 -5144.0
 3459.388	 -5272.0
 3461.210	 -5392.0
 3463.033	 -5496.0
 3464.855	 -5554.0
 3466.677	 -5620.0
 3468.500	 -5675.0
 3470.322	 -5731.0
 3472.101	 -5784.0
 3473.880	 -5828.0
 3475.659	 -5822.0
 3477.439	 -5813.0
 3479.218	 -5894.0
 3480.997	 -5924.0
 3482.777	 -5976.0
 3484.556	 -6003.0
 3486.336	 -6027.0
 3488.115	 -6033.0
 3489.895	 -6058.0
 3491.649	 -6065.0
 3493.349	 -6076.0
 3495.050	 -6096.0
 3496.751	 -6096.0
 3498.452	 -6114.0
 3500.153	 -6114.0
 3501.854	 -6114.0
 3503.555	 -6120.0
 3505.256	 -6125.0
 3506.957	 -6148.0
 3508.658	 -6165.0
 3510.359	 -6145.0
 3512.061	 -6145.0
 3513.762	 -6145.0
 3515.464	 -6163.0
 3517.165	 -6163.0
 3518.867	 -6163.0
 3520.568	 -6174.0
 3522.270	 -6174.0
 3523.972	 -6177.0
 3525.674	 -6175.0
 3527.376	 -6174.0
 3529.078	 -6174.0
 3530.781	 -6174.0
 3532.483	 -6167.0
 3534.185	 -6156.0
 3535.888	 -6152.0
 3537.590	 -6134.0
 3539.293	 -6134.0
 3540.995	 -6134.0
 3542.698	 -6130.0
 3544.396	 -6125.0
 3546.083	 -6123.0
 3547.771	 -6120.0
 3549.459	 -6097.0
 3551.146	 -6101.0
 3552.834	 -6101.0
 3554.522	 -6087.0
 3556.210	 -6085.0
 3557.898	 -6076.0
 3559.586	 -6065.0
 3561.274	 -6062.0
 3562.963	 -6054.0
 3564.651	 -6047.0
 3566.339	 -6034.0
 3568.028	 -6025.0
 3569.716	 -6019.0
 3571.404	 -6011.0
 3573.093	 -5986.0
 3574.782	 -5987.0
 3576.470	 -5976.0
 3578.155	 -5969.0
 3579.836	 -5947.0
 3581.516	 -5914.0
 3583.197	 -5896.0
 3584.878	 -5884.0
 3586.559	 -5878.0
 3588.240	 -5744.0
 3589.921	 -5376.0
 3591.602	 -4855.0
 3593.283	 -4127.0
 3594.964	 -3595.0
 3596.645	 -3368.0
 3598.327	 -3121.0
 3600.008	 -2567.0
 3601.690	 -2915.0
 3603.371	 -3377.0
 3605.053	 -4060.0
 3606.735	 -4610.0
 3608.417	 -5144.0
 3610.099	 -5540.0
 3611.781	 -5676.0
 3613.463	 -5771.0
 3615.145	 -5833.0
 3616.827	 -5847.0
 3618.509	 -5867.0
 3620.192	 -5880.0
 3621.874	 -5878.0
 3623.556	 -5880.0
 3625.214	 -5882.0
 3626.871	 -5882.0
 3628.528	 -5882.0
 3630.186	 -5880.0
 3631.843	 -5869.0
 3633.501	 -5865.0
 3635.159	 -5873.0
 3636.816	 -5873.0
 3638.474	 -5871.0
 3640.132	 -5869.0
 3641.790	 -5862.0
 3643.448	 -5862.0
 3645.106	 -5857.0
 3646.764	 -5855.0
 3648.423	 -5857.0
 3650.081	 -5857.0
 3651.739	 -5849.0
 3653.398	 -5851.0
 3655.056	 -5846.0
 3656.715	 -5842.0
 3658.373	 -5842.0
 3660.032	 -5842.0
 3661.691	 -5842.0
 3663.350	 -5833.0
 3665.009	 -5831.0
 3666.668	 -5822.0
 3668.327	 -5808.0
 3669.986	 -5811.0
 3671.645	 -5811.0
 3673.305	 -5811.0
 3674.964	 -5804.0
 3676.607	 -5799.0
 3678.216	 -5797.0
 3679.227	 -5795.0
 3680.118	 -5797.0
 3681.009	 -5789.0
 3681.900	 -5789.0
 3683.122	 -5779.0
 3684.674	 -5771.0
 3686.227	 -5771.0
 3687.779	 -5750.0
 3689.332	 -5715.0
 3690.884	 -5511.0
 3692.437	 -5463.0
 3693.989	 -5571.0
 3695.544	 -5752.0
 3697.101	 -5752.0
 3698.657	 -5755.0
 3700.213	 -5752.0
 3701.769	 -5755.0
 3703.326	 -5764.0
 3704.687	 -5750.0
 3705.659	 -5768.0
 3707.097	 -5784.0
 3708.536	 -5768.0
 3709.975	 -5744.0
 3712.852	 -5755.0
 3713.712	 -5744.0
 3714.572	 -5781.0
 3716.051	 -5822.0
 3717.531	 -5822.0
 3719.010	 -5773.0
 3720.397	 -5802.0
 3721.320	 -5828.0
 3722.865	 -5826.0
 3724.409	 -5793.0
 3725.954	 -5764.0
 3727.499	 -5769.0
 3729.044	 -5758.0
 3730.589	 -5750.0
 3732.134	 -5744.0
 3733.679	 -5731.0
 3735.224	 -5731.0
 3736.769	 -5740.0
 3738.314	 -5744.0
 3739.860	 -5729.0
 3741.405	 -5724.0
 3742.950	 -5715.0
 3744.496	 -5709.0
 3746.041	 -5706.0
 3747.587	 -5702.0
 3749.132	 -5696.0
 3750.678	 -5691.0
 3752.224	 -5686.0
 3753.770	 -5686.0
 3755.316	 -5686.0
 3756.862	 -5680.0
 3758.392	 -5675.0
 3759.915	 -5671.0
 3761.394	 -5665.0
 3762.872	 -5660.0
 3764.351	 -5657.0
 3765.830	 -5653.0
 3767.309	 -5647.0
 3768.788	 -5642.0
 3770.266	 -5634.0
 3771.745	 -5629.0
 3773.224	 -5614.0
 3774.703	 -5603.0
 3776.183	 -5614.0
 3777.662	 -5597.0
 3779.141	 -5600.0
 3780.620	 -5605.0
 3782.099	 -5614.0
 3783.547	 -5622.0
 3784.932	 -5629.0
 3786.317	 -5629.0
 3787.702	 -5634.0
 3789.085	 -5629.0
 3790.463	 -5624.0
 3791.842	 -5566.0
 3793.221	 -5546.0
 3794.600	 -5546.0
 3795.978	 -5569.0
 3797.463	 -5569.0
 3798.947	 -5538.0
 3800.431	 -5531.0
 3801.915	 -5505.0
 3803.400	 -5507.0
 3804.810	 -5511.0
 3806.220	 -5519.0
 3807.631	 -5529.0
 3809.041	 -5536.0
 3810.451	 -5535.0
 3811.861	 -5538.0
 3813.272	 -5536.0
 3814.709	 -5533.0
 3816.160	 -5529.0
 3817.611	 -5525.0
 3819.062	 -5511.0
 3820.525	 -5511.0
 3822.011	 -5498.0
 3823.498	 -5494.0
 3824.984	 -5489.0
 3826.471	 -5494.0
 3827.957	 -5474.0
 3829.444	 -5459.0
 3830.931	 -5447.0
 3832.417	 -5442.0
 3833.889	 -5465.0
 3835.331	 -5473.0
 3836.773	 -5461.0
 3838.215	 -5467.0
 3839.657	 -5438.0
 3841.081	 -5430.0
 3842.506	 -5374.0
 3843.930	 -5363.0
 3845.355	 -5363.0
 3846.779	 -5380.0
 3848.288	 -5366.0
 3849.797	 -5366.0
 3851.306	 -5370.0
 3852.815	 -5397.0
 3854.324	 -5401.0
 3855.833	 -5414.0
 3857.342	 -5423.0
 3858.851	 -5421.0
 3860.361	 -5423.0
 3861.870	 -5414.0
 3863.379	 -5416.0
 3864.888	 -5425.0
 3866.352	 -5461.0
 3867.726	 -5482.0
 3869.100	 -5504.0
 3870.474	 -5540.0
 3871.848	 -5560.0
 3873.260	 -5562.0
 3874.748	 -5573.0
 3876.237	 -5595.0
 3877.726	 -5598.0
 3879.215	 -5597.0
 3880.703	 -5620.0
 3882.192	 -5636.0
 3883.681	 -5657.0
 3885.170	 -5675.0
 3886.658	 -5686.0
 3888.147	 -5706.0
 3889.636	 -5707.0
 3891.125	 -5709.0
 3892.651	 -5715.0
 3894.176	 -5722.0
 3895.702	 -5733.0
 3897.227	 -5742.0
 3898.753	 -5752.0
 3900.278	 -5753.0
 3901.804	 -5769.0
 3903.330	 -5779.0
 3904.856	 -5775.0
 3906.381	 -5748.0
 3907.907	 -5750.0
 3909.433	 -5719.0
 3910.959	 -5702.0
 3912.485	 -5706.0
 3914.010	 -5676.0
 3915.536	 -5686.0
 3917.062	 -5676.0
 3918.588	 -5657.0
 3920.114	 -5629.0
 3921.640	 -5638.0
 3923.166	 -5595.0
 3924.665	 -5609.0
 3926.149	 -5605.0
 3927.634	 -5585.0
 3929.119	 -5569.0
 3930.583	 -5575.0
 3932.048	 -5569.0
 3933.513	 -5578.0
 3934.977	 -5585.0
 3936.442	 -5585.0
 3937.907	 -5595.0
 3939.372	 -5616.0
 3940.837	 -5629.0
 3942.301	 -5624.0
 3943.766	 -5642.0
 3945.231	 -5626.0
 3946.696	 -5667.0
 3948.161	 -5676.0
 3949.596	 -5702.0
 3950.971	 -5706.0
 3952.346	 -5724.0
 3953.720	 -5738.0
 3955.095	 -5750.0
 3956.470	 -5740.0
 3957.845	 -5700.0
 3959.220	 -5735.0
 3960.595	 -5690.0
 3961.970	 -5721.0
 3963.373	 -5696.0
 3964.776	 -5737.0
 3966.179	 -5740.0
 3967.582	 -5724.0
 3968.985	 -5744.0
 3970.388	 -5748.0
 3971.792	 -5729.0
 3973.195	 -5735.0
 3974.598	 -5696.0
 3976.001	 -5702.0
 3977.405	 -5684.0
 3978.808	 -5667.0
 3980.216	 -5657.0
 3981.624	 -5651.0
 3983.032	 -5653.0
 3984.440	 -5624.0
 3985.849	 -5629.0
 3987.257	 -5624.0
 3988.665	 -5622.0
 3990.073	 -5629.0
 3991.482	 -5629.0
 3992.890	 -5622.0
 3994.298	 -5611.0
 3995.707	 -5609.0
 3997.115	 -5618.0
 3998.524	 -5618.0
 3999.932	 -5624.0
 4001.341	 -5618.0
 4002.749	 -5611.0
 4004.158	 -5605.0
 4005.567	 -5618.0
 4006.975	 -5622.0
 4008.384	 -5629.0
 4009.793	 -5632.0
 4011.208	 -5653.0
 4012.638	 -5667.0
 4014.067	 -5669.0
 4015.496	 -5496.0
 4016.926	 -5244.0
 4018.355	 -5120.0
 4019.784	 -4975.0
 4021.214	 -5454.0
 4022.665	 -5511.0
 4024.117	 -5511.0
 4025.568	 -5443.0
 4027.020	 -5443.0
 4028.472	 -5467.0
 4029.923	 -5551.0
 4031.375	 -5647.0
 4032.752	 -5632.0
 4034.128	 -5665.0
 4035.565	 -5660.0
 4037.123	 -5647.0
 4038.680	 -5638.0
 4040.238	 -5634.0
 4041.795	 -5620.0
 4043.353	 -5624.0
 4044.932	 -5598.0
 4046.512	 -5589.0
 4048.091	 -5593.0
 4049.671	 -5589.0
 4051.250	 -5583.0
 4052.830	 -5582.0
 4054.409	 -5583.0
 4055.989	 -5589.0
 4057.569	 -5589.0
 4059.148	 -5589.0
 4060.728	 -5589.0
 4062.308	 -5589.0
 4063.888	 -5591.0
 4065.468	 -5593.0
 4067.047	 -5593.0
 4068.575	 -5595.0
 4070.103	 -5595.0
 4071.630	 -5598.0
 4073.158	 -5598.0
 4074.686	 -5598.0
 4076.213	 -5603.0
 4077.741	 -5605.0
 4079.269	 -5609.0
 4080.797	 -5609.0
 4082.325	 -5609.0
 4083.853	 -5609.0
 4085.380	 -5613.0
 4086.908	 -5614.0
 4088.436	 -5618.0
 4089.964	 -5622.0
 4091.493	 -5629.0
 4093.021	 -5629.0
 4094.549	 -5629.0
 4096.077	 -5629.0
 4097.637	 -5630.0
 4099.197	 -5634.0
 4100.757	 -5642.0
 4102.317	 -5645.0
 4103.877	 -5647.0
 4105.438	 -5653.0
 4106.998	 -5657.0
 4108.558	 -5661.0
 4110.118	 -5663.0
 4111.679	 -5667.0
 4113.239	 -5671.0
 4114.779	 -5673.0
 4116.320	 -5676.0
 4117.860	 -5680.0
 4119.400	 -5682.0
 4120.941	 -5686.0
 4122.481	 -5690.0
 4124.035	 -5690.0
 4125.596	 -5694.0
 4127.157	 -5696.0
 4128.718	 -5702.0
 4130.279	 -5709.0
 4131.840	 -5717.0
 4133.400	 -5724.0
 4134.933	 -5729.0
 4136.407	 -5731.0
 4137.882	 -5733.0
 4139.357	 -5735.0
 4140.832	 -5738.0
 4142.307	 -5742.0
 4143.782	 -5744.0
 4145.257	 -5746.0
 4146.732	 -5750.0
 4148.207	 -5750.0
 4149.682	 -5753.0
 4151.157	 -5753.0
 4152.633	 -5764.0
 4154.108	 -5768.0
 4155.583	 -5752.0
 4157.059	 -5744.0
 4158.471	 -5724.0
 4159.915	 -5724.0
 4161.359	 -5729.0
 4162.802	 -5724.0
 4164.246	 -5721.0
 4165.690	 -5711.0
 4167.134	 -5706.0
 4168.578	 -5694.0
 4170.022	 -5686.0
 4171.466	 -5676.0
 4172.909	 -5667.0
 4174.354	 -5645.0
 4175.798	 -5642.0
 4177.291	 -5630.0
 4178.810	 -5613.0
 4180.328	 -5591.0
 4181.847	 -5569.0
 4183.305	 -5554.0
 4184.763	 -5507.0
 4186.221	 -5454.0
 4187.679	 -5425.0
 4189.137	 -5396.0
 4190.595	 -5306.0
 4192.054	 -5270.0
 4193.512	 -5164.0
 4194.970	 -5105.0
 4196.429	 -5038.0
 4197.887	 -4938.0
 4199.346	 -4882.0
 4200.804	 -4816.0
 4202.263	 -4732.0
 4203.744	 -4564.0
 4205.217	 -4555.0
 4206.675	 -4496.0
 4208.133	 -4280.0
 4209.542	 -4232.0
 4210.853	 -4112.0
 4212.298	 -3979.0
 4213.811	 -3803.0
 4215.323	 -3527.0
 4216.836	 -3162.0
 4218.348	 -2710.0
 4219.861	 -2389.0
 4221.374	 -1979.0
 4222.887	 -1495.0
 4224.400	 -1164.0
 4225.913	 -1149.0
 4227.426	 -1143.0
 4228.939	 -1143.0
 4230.452	 -1145.0
 4231.965	 -1153.0
 4233.478	 -1168.0
 4234.991	 -1187.0
 4236.505	 -1272.0
 4238.018	 -1756.0
 4239.532	 -2248.0
 4241.045	 -2652.0
 4242.559	 -3179.0
 4244.072	 -3421.0
 4245.586	 -3975.0
 4247.099	 -4243.0
 4248.653	 -4433.0
 4250.208	 -4720.0
 4251.762	 -4913.0
 4253.316	 -4990.0
 4254.870	 -5182.0
 4256.425	 -5270.0
 4257.979	 -5357.0
 4259.533	 -5421.0
 4261.088	 -5498.0
 4262.642	 -5556.0
 4264.197	 -5597.0
 4265.751	 -5642.0
 4267.306	 -5667.0
 4268.861	 -5690.0
 4270.416	 -5713.0
 4271.970	 -5753.0
 4273.525	 -5779.0
 4275.080	 -5806.0
 4276.635	 -5822.0
 4278.190	 -5831.0
 4279.746	 -5851.0
 4281.301	 -5862.0
 4282.856	 -5871.0
 4284.411	 -5884.0
 4285.967	 -5896.0
 4287.522	 -5909.0
 4289.077	 -5927.0
 4290.633	 -5940.0
 4292.189	 -5943.0
 4293.744	 -5955.0
 4295.195	 -5955.0
 4296.646	 -5958.0
 4298.164	 -5967.0
 4299.749	 -5958.0
 4301.333	 -5955.0
 4302.918	 -5943.0
 4304.503	 -5940.0
 4306.087	 -5908.0
 4307.671	 -5891.0
 4309.256	 -5891.0
 4310.840	 -5880.0
 4312.425	 -5862.0
 4313.631	 -5862.0
 4315.062	 -5880.0
 4316.538	 -5877.0
 4318.013	 -5877.0
 4318.966	 -5875.0
 4320.273	 -5875.0
 4321.935	 -5873.0
 4323.596	 -5871.0
 4325.257	 -5871.0
 4326.918	 -5862.0
 4328.580	 -5842.0
 4330.241	 -5842.0
 4331.902	 -5842.0
 4333.563	 -5838.0
 4335.224	 -5842.0
 4336.885	 -5833.0
 4338.546	 -5822.0
 4340.207	 -5820.0
 4341.868	 -5813.0
 4343.528	 -5813.0
 4344.974	 -5813.0
 4345.991	 -5802.0
 4347.007	 -5802.0
 4348.627	 -5802.0
 4350.246	 -5781.0
 4351.866	 -5779.0
 4353.485	 -5793.0
 4355.105	 -5795.0
 4356.778	 -5802.0
 4358.483	 -5802.0
 4360.188	 -5802.0
 4361.894	 -5802.0
 4363.609	 -5802.0
 4365.330	 -5802.0
 4367.051	 -5802.0
 4368.771	 -5802.0
 4370.492	 -5802.0
 4372.213	 -5802.0
 4373.934	 -5813.0
 4375.655	 -5813.0
 4377.375	 -5806.0
 4379.096	 -5793.0
 4380.817	 -5793.0
 4382.538	 -5785.0
 4384.258	 -5784.0
 4385.979	 -5773.0
 4387.700	 -5766.0
 4389.421	 -5764.0
 4391.163	 -5719.0
 4392.905	 -5715.0
 4394.647	 -5680.0
 4396.328	 -5618.0
 4398.010	 -5569.0
 4399.692	 -5459.0
 4401.374	 -5399.0
 4403.056	 -5320.0
 4404.737	 -5202.0
 4406.419	 -5067.0
 4408.101	 -4961.0
 4409.783	 -4855.0
 4411.464	 -4702.0
 4413.146	 -4433.0
 4414.828	 -4135.0
 4435.067	 -2730.0
 4436.153	 -2575.0
 4437.240	 -2353.0
 4439.028	 -1923.0
 4440.817	 -1348.0
 4442.606	 -1185.0
 4444.394	 -1168.0
 4446.183	 -1148.0
 4447.972	 -1139.0
 4449.621	 -1139.0
 4451.270	 -1143.0
 4452.920	 -1164.0
 4454.569	 -1495.0
 4456.271	 -1945.0
 4458.079	 -2395.0
 4459.887	 -2849.0
 4461.694	 -3179.0
 4463.502	 -3483.0
 4465.310	 -3811.0
 4467.117	 -3968.0
 4468.925	 -4169.0
 4470.733	 -4395.0
 4472.541	 -4485.0
 4474.348	 -4643.0
 4476.156	 -4779.0
 4477.933	 -4880.0
 4479.648	 -4935.0
 4481.363	 -4995.0
 4483.078	 -5057.0
 4484.794	 -5164.0
 4486.509	 -5235.0
 4488.235	 -5312.0
 4489.962	 -5350.0
 4491.689	 -5405.0
 4493.416	 -5440.0
 4495.143	 -5490.0
 4496.870	 -5515.0
 4498.596	 -5558.0
 4500.323	 -5575.0
 4502.050	 -5571.0
 4503.783	 -5642.0
 4505.531	 -5671.0
 4507.279	 -5675.0
 4509.027	 -5675.0
 4510.775	 -5682.0
 4512.523	 -5661.0
 4514.271	 -5671.0
 4516.018	 -5698.0
 4517.766	 -5731.0
 4519.514	 -5742.0
 4521.262	 -5785.0
 4523.009	 -5802.0
 4524.757	 -5781.0
 4526.505	 -5742.0
 4528.253	 -5737.0
 4530.000	 -5721.0
 4531.748	 -5721.0
 4533.496	 -5724.0
 4535.243	 -5773.0
 4536.991	 -5769.0
 4538.739	 -5758.0
 4540.542	 -5740.0
 4542.345	 -5752.0
 4544.149	 -5755.0
 4545.952	 -5755.0
 4547.755	 -5752.0
 4549.559	 -5752.0
 4551.347	 -5740.0
 4553.104	 -5644.0
 4554.862	 -5733.0
 4556.620	 -5735.0
 4558.377	 -5742.0
 4560.134	 -5744.0
 4561.892	 -5744.0
 4563.649	 -5742.0
 4565.406	 -5742.0
 4567.163	 -5740.0
 4568.920	 -5731.0
 4570.677	 -5724.0
 4572.434	 -5700.0
 4574.191	 -5694.0
 4575.948	 -5673.0
 4577.705	 -5647.0
 4579.461	 -5630.0
 4581.218	 -5611.0
 4582.975	 -5582.0
 4584.731	 -5525.0
 4586.487	 -5463.0
 4588.244	 -5392.0
 4590.000	 -5226.0
 4591.756	 -4864.0
 4593.523	 -4461.0
 4595.289	 -4051.0
 4597.056	 -3463.0
 4598.823	 -2840.0
 4600.589	 -2408.0
 4602.355	 -2483.0
 4604.122	 -3197.0
 4605.888	 -3747.0
 4607.699	 -4013.0
 4609.511	 -3946.0
 4611.322	 -4003.0
 4613.133	 -4108.0
 4614.944	 -4595.0
 4616.755	 -4893.0
 4618.566	 -4980.0
 4620.377	 -5257.0
 4622.187	 -5337.0
 4623.998	 -5357.0
 4625.809	 -5414.0
 4627.619	 -5511.0
 4629.430	 -5546.0
 4631.240	 -5614.0
 4633.050	 -5647.0
 4634.860	 -5673.0
 4636.671	 -5667.0
 4638.481	 -5682.0
 4640.291	 -5686.0
 4642.100	 -5686.0
 4643.910	 -5686.0
 4645.720	 -5686.0
 4647.543	 -5690.0
 4649.367	 -5686.0
 4651.190	 -5684.0
 4653.013	 -5686.0
 4654.836	 -5690.0
 4656.659	 -5691.0
 4658.482	 -5682.0
 4660.415	 -5678.0
 4662.347	 -5676.0
 4664.279	 -5686.0
 4666.211	 -5678.0
 4668.143	 -5676.0
 4670.075	 -5676.0
 4672.007	 -5676.0
 4673.616	 -5676.0
 4675.225	 -5673.0
 4676.833	 -5669.0
 4678.367	 -5667.0
 4679.863	 -5663.0
 4681.359	 -5663.0
 4682.855	 -5657.0
 4684.171	 -5657.0
 4685.128	 -5661.0
 4686.085	 -5655.0
 4687.070	 -5655.0
 4688.054	 -5651.0
 4689.039	 -5647.0
 4690.023	 -5649.0
 4691.007	 -5642.0
 4691.992	 -5642.0
 4692.976	 -5642.0
 4693.960	 -5640.0
 4694.945	 -5638.0
 4695.929	 -5636.0
 4696.913	 -5636.0
 4697.919	 -5634.0
 4698.925	 -5632.0
 4699.931	 -5629.0
 4700.932	 -5629.0
 4701.933	 -5626.0
 4702.934	 -5624.0
 4703.935	 -5622.0
 4704.936	 -5620.0
 4706.410	 -5616.0
 4707.884	 -5613.0
 4709.565	 -5614.0
 4711.246	 -5616.0
 4712.927	 -5616.0
 4714.608	 -5618.0
 4716.290	 -5624.0
 4717.971	 -5624.0
 4719.652	 -5632.0
 4721.333	 -5638.0
 4723.014	 -5640.0
 4724.696	 -5644.0
 4726.377	 -5649.0
 4728.058	 -5651.0
 4729.739	 -5651.0
 4731.421	 -5653.0
 4733.102	 -5649.0
 4734.776	 -5640.0
 4736.450	 -5609.0
 4738.124	 -5556.0
 4739.798	 -5496.0
 4741.472	 -5414.0
 4743.146	 -5260.0
 4744.821	 -5153.0
 4746.495	 -5222.0
 4748.169	 -5173.0
 4749.843	 -5169.0
 4751.517	 -5235.0
 4753.191	 -5048.0
 4754.866	 -5182.0
 4756.540	 -5144.0
 4758.214	 -5251.0
 4759.889	 -5366.0
 4761.563	 -5337.0
 4763.237	 -5328.0
 4764.893	 -5337.0
 4766.540	 -5270.0
 4768.186	 -5337.0
 4769.833	 -5425.0
 4771.480	 -5434.0
 4773.126	 -5473.0
 4774.773	 -5478.0
 4776.420	 -5525.0
 4778.067	 -5540.0
 4779.714	 -5629.0
 4781.360	 -5629.0
 4783.007	 -5667.0
 4784.654	 -5673.0
 4786.301	 -5702.0
 4787.948	 -5706.0
 4789.595	 -5702.0
 4791.242	 -5711.0
 4792.889	 -5724.0
 4794.536	 -5731.0
 4796.183	 -5744.0
 4797.830	 -5744.0
 4799.477	 -5748.0
 4801.124	 -5746.0
 4802.771	 -5748.0
 4804.418	 -5746.0
 4806.066	 -5744.0
 4807.713	 -5746.0
 4809.360	 -5752.0
 4811.007	 -5753.0
 4812.649	 -5758.0
 4814.287	 -5755.0
 4815.924	 -5753.0
 4817.561	 -5753.0
 4819.198	 -5753.0
 4820.835	 -5755.0
 4822.472	 -5758.0
 4824.109	 -5758.0
 4825.746	 -5758.0
 4827.383	 -5760.0
 4829.020	 -5762.0
 4830.657	 -5764.0
 4832.294	 -5764.0
 4833.949	 -5768.0
 4835.604	 -5769.0
 4837.259	 -5773.0
 4838.913	 -5779.0
 4840.568	 -5784.0
 4842.223	 -5785.0
 4843.878	 -5789.0
 4845.540	 -5791.0
 4847.209	 -5785.0
 4848.878	 -5777.0
 4850.547	 -5771.0
 4852.216	 -5768.0
 4853.885	 -5764.0
 4855.555	 -5755.0
 4857.224	 -5755.0
 4858.893	 -5760.0
 4860.562	 -5768.0
 4862.231	 -5779.0
 4863.900	 -5775.0
 4865.569	 -5771.0
 4867.238	 -5744.0
 4868.907	 -5744.0
 4870.576	 -5724.0
 4872.245	 -5686.0
 4873.913	 -5634.0
 4875.582	 -5583.0
 4877.251	 -5531.0
 4878.920	 -5482.0
 4880.589	 -5341.0
 4882.258	 -5193.0
 4883.941	 -4948.0
 4885.625	 -4702.0
 4887.309	 -4665.0
 4888.993	 -4476.0
 4890.677	 -4166.0
 4892.360	 -4064.0
 4894.044	 -3694.0
 4895.728	 -3255.0
 4897.412	 -2526.0
 4899.095	 -2580.0
 4900.779	 -3368.0
 4902.462	 -3904.0
 4904.146	 -4553.0
 4905.830	 -4953.0
 4907.513	 -5363.0
 4909.197	 -5575.0
 4910.880	 -5647.0
 4912.564	 -5673.0
 4914.247	 -5700.0
 4915.931	 -5700.0
 4917.605	 -5676.0
 4919.231	 -5676.0
 4920.858	 -5667.0
 4922.484	 -5676.0
 4924.111	 -5702.0
 4925.738	 -5696.0
 4927.365	 -5715.0
 4928.991	 -5709.0
 4930.618	 -5702.0
 4932.245	 -5676.0
 4933.872	 -5696.0
 4935.499	 -5676.0
 4937.127	 -5675.0
 4938.754	 -5676.0
 4940.381	 -5676.0
 4942.009	 -5638.0
 4943.636	 -5696.0
 4945.263	 -5719.0
 4946.891	 -5742.0
 4948.519	 -5729.0
 4950.146	 -5724.0
 4951.774	 -5726.0
 4953.402	 -5729.0
 4955.030	 -5731.0
 4956.658	 -5729.0
 4958.310	 -5726.0
 4959.962	 -5706.0
 4961.615	 -5735.0
 4963.267	 -5735.0
 4964.919	 -5696.0
 4966.572	 -5682.0
 4968.224	 -5645.0
 4969.876	 -5618.0
 4971.529	 -5578.0
 4973.181	 -5527.0
 4974.833	 -5386.0
 4976.485	 -5270.0
 4978.138	 -5086.0
 4979.790	 -4778.0
 4981.534	 -4032.0
 4983.285	 -3727.0
 4985.036	 -3633.0
 4986.787	 -3718.0
 4988.539	 -3601.0
 4990.290	 -3898.0
 4992.041	 -4060.0
 4993.792	 -3946.0
 4995.543	 -4194.0
 4997.295	 -4509.0
 4999.046	 -4845.0
 5000.797	 -5067.0
 5002.548	 -5357.0
 5004.299	 -5442.0
 5006.050	 -5531.0
 5007.802	 -5597.0
 5009.553	 -5647.0
 5011.304	 -5667.0
 5013.055	 -5698.0
 5014.806	 -5724.0
 5016.557	 -5721.0
 5018.309	 -5738.0
 5020.060	 -5748.0
 5021.811	 -5753.0
 5023.562	 -5753.0
 5025.313	 -5750.0
 5027.064	 -5752.0
 5028.815	 -5762.0
 5030.567	 -5771.0
 5032.318	 -5787.0
 5034.069	 -5793.0
 5043.036	 -5811.0
 5044.728	 -5813.0
 5046.420	 -5820.0
 5048.111	 -5800.0
 5049.467	 -5797.0
 5050.486	 -5797.0
 5052.079	 -5806.0
 5053.760	 -5813.0
 5055.390	 -5826.0
 5057.020	 -5857.0
 5058.650	 -5842.0
 5060.280	 -5833.0
 5061.910	 -5826.0
 5063.540	 -5797.0
 5065.215	 -5787.0
 5066.935	 -5785.0
 5068.655	 -5791.0
 5070.375	 -5797.0
 5072.095	 -5795.0
 5073.815	 -5787.0
 5075.535	 -5781.0
 5077.255	 -5791.0
 5078.974	 -5764.0
 5080.694	 -5748.0
 5082.413	 -5738.0
 5084.133	 -5696.0
 5085.852	 -5680.0
 5087.572	 -5667.0
 5089.291	 -5653.0
 5091.010	 -5632.0
 5092.729	 -5598.0
 5094.448	 -5540.0
 5096.167	 -5505.0
 5097.886	 -5447.0
 5099.624	 -5357.0
 5101.193	 -5241.0
 5102.602	 -5102.0
 5104.000	 -4778.0
 5105.398	 -4318.0
 5106.795	 -4136.0
 5108.193	 -4042.0
 5109.591	 -3747.0
 5110.989	 -3463.0
 5112.387	 -3444.0
 5113.784	 -3747.0
 5115.182	 -3861.0
 5116.579	 -4308.0
 5117.977	 -4509.0
 5119.374	 -5231.0
 5120.772	 -5048.0
 5122.169	 -5414.0
 5123.566	 -5580.0
 5125.002	 -5663.0
 5126.514	 -5691.0
 5128.026	 -5696.0
 5129.539	 -5706.0
 5131.050	 -5706.0
 5132.563	 -5700.0
 5134.074	 -5686.0
 5135.586	 -5676.0
 5137.098	 -5673.0
 5138.610	 -5680.0
 5140.122	 -5680.0
 5141.633	 -5678.0
 5143.145	 -5676.0
 5144.657	 -5676.0
 5146.168	 -5680.0
 5147.680	 -5680.0
 5149.191	 -5676.0
 5150.703	 -5675.0
 5152.214	 -5673.0
 5153.725	 -5671.0
 5155.237	 -5667.0
 5156.748	 -5667.0
 5158.389	 -5663.0
 5160.095	 -5657.0
 5161.800	 -5653.0
 5163.506	 -5651.0
 5165.211	 -5647.0
 5166.781	 -5644.0
 5168.351	 -5638.0
 5169.921	 -5632.0
 5171.491	 -5629.0
 5173.061	 -5620.0
 5174.630	 -5614.0
 5176.200	 -5609.0
 5177.814	 -5613.0
 5179.428	 -5597.0
 5181.042	 -5605.0
 5182.656	 -5605.0
 5184.270	 -5605.0
 5185.884	 -5607.0
 5187.498	 -5607.0
 5189.112	 -5607.0
 5190.726	 -5603.0
 5192.339	 -5605.0
 5193.953	 -5600.0
 5195.566	 -5598.0
 5197.180	 -5597.0
 5198.793	 -5598.0
 5200.407	 -5598.0
 5202.041	 -5598.0
 5203.696	 -5598.0
 5205.351	 -5598.0
 5207.005	 -5595.0
 5208.660	 -5593.0
 5210.315	 -5593.0
 5211.970	 -5595.0
 5213.625	 -5600.0
 5215.280	 -5609.0
 5216.934	 -5605.0
 5217.915	 -5607.0
 5218.895	 -5611.0
 5219.875	 -5496.0
 5220.855	 -5591.0
 5221.836	 -5618.0
 5222.816	 -5618.0
 5223.796	 -5624.0
 5224.776	 -5632.0
 5226.210	 -5640.0
 5227.871	 -5651.0
 5229.532	 -5663.0
 5231.193	 -5667.0
 5232.853	 -5609.0
 5234.532	 -5642.0
 5236.211	 -5691.0
 5237.890	 -5644.0
 5239.569	 -5600.0
 5241.248	 -5531.0
 5242.926	 -5401.0
 5244.605	 -5288.0
 5246.284	 -5124.0
 5247.963	 -4799.0
 5249.642	 -4665.0
 5251.321	 -4544.0
 5253.000	 -4698.0
 5254.678	 -4759.0
 5256.357	 -4889.0
 5258.036	 -4905.0
 5259.715	 -5071.0
 5261.394	 -5328.0
 5263.073	 -5357.0
 5264.752	 -5401.0
 5266.431	 -5430.0
 5268.109	 -5427.0
 5269.788	 -5467.0
 5271.452	 -5546.0
 5273.116	 -5614.0
 5274.780	 -5609.0
 5276.444	 -5616.0
 5278.108	 -5684.0
 5279.772	 -5702.0
 5281.436	 -5724.0
 5283.100	 -5753.0
 5284.765	 -5744.0
 5286.429	 -5750.0
 5288.093	 -5750.0
 5289.757	 -5764.0
 5291.421	 -5762.0
 5293.085	 -5760.0
 5294.749	 -5753.0
 5296.413	 -5752.0
 5298.077	 -5750.0
 5299.741	 -5748.0
 5301.405	 -5752.0
 5303.069	 -5753.0
 5304.738	 -5755.0
 5306.410	 -5764.0
 5308.081	 -5768.0
 5309.753	 -5769.0
 5311.425	 -5773.0
 5313.096	 -5779.0
 5314.768	 -5784.0
 5316.440	 -5789.0
 5318.111	 -5800.0
 5319.783	 -5806.0
 5321.449	 -5802.0
 5323.116	 -5816.0
 5324.782	 -5822.0
 5326.449	 -5822.0
 5328.115	 -5831.0
 5329.782	 -5831.0
 5331.448	 -5840.0
 5333.114	 -5842.0
 5334.781	 -5847.0
 5336.447	 -5851.0
 5338.114	 -5862.0
 5339.780	 -5865.0
 5341.447	 -5877.0
 5343.113	 -5891.0
 5344.780	 -5871.0
 5346.446	 -5862.0
 5348.112	 -5877.0
 5349.779	 -5873.0
 5351.445	 -5867.0
 5353.112	 -5851.0
 5354.778	 -5849.0
 5356.445	 -5877.0
 5358.111	 -5877.0
 5359.777	 -5896.0
 5361.444	 -5908.0
 5363.110	 -5898.0
 5364.777	 -5898.0
 5366.443	 -5900.0
 5368.110	 -5898.0
 5369.776	 -5896.0
 5371.443	 -5865.0
 5373.109	 -5871.0
 5374.775	 -5862.0
 5376.424	 -5871.0
 5378.063	 -5880.0
 5379.701	 -5884.0
 5381.356	 -5873.0
 5383.055	 -5846.0
 5384.777	 -5844.0
 5386.499	 -5828.0
 5388.220	 -5818.0
 5389.937	 -5811.0
 5391.642	 -5802.0
 5393.347	 -5793.0
 5395.052	 -5795.0
 5396.757	 -5791.0
 5398.462	 -5789.0
 5400.167	 -5784.0
 5401.872	 -5773.0
 5403.578	 -5758.0
 5405.283	 -5758.0
 5406.988	 -5748.0
 5408.693	 -5735.0
 5410.398	 -5715.0
 5412.104	 -5649.0
 5413.809	 -5638.0
 5415.514	 -5609.0
 5417.219	 -5598.0
 5418.925	 -5556.0
 5420.630	 -5554.0
 5422.269	 -5500.0
 5423.907	 -5456.0
 5425.546	 -5414.0
 5427.184	 -5427.0
 5428.823	 -5376.0
 5430.462	 -5244.0
 5432.100	 -5222.0
 5433.739	 -5196.0
 5435.378	 -5093.0
 5437.017	 -4984.0
 5438.655	 -4951.0
 5440.294	 -4994.0
 5441.933	 -5038.0
 5443.571	 -4971.0
 5445.210	 -5057.0
 5446.849	 -5019.0
 5448.488	 -4884.0
 5450.127	 -4749.0
 5451.765	 -4922.0
 5453.404	 -4866.0
 5455.043	 -4820.0
 5456.682	 -4787.0
 5458.321	 -4702.0
 5459.959	 -4511.0
 5461.598	 -4509.0
 5463.237	 -4500.0
 5464.876	 -4452.0
 5466.515	 -4327.0
 5468.154	 -4203.0
 5469.793	 -4203.0
 5471.470	 -4127.0
 5473.222	 -4452.0
 5474.909	 -4566.0
 5476.529	 -4634.0
 5478.149	 -4649.0
 5479.769	 -4595.0
 5481.389	 -4490.0
 5483.010	 -4548.0
 5484.630	 -4599.0
 5485.990	 -4605.0
 5487.634	 -4672.0
 5489.279	 -4774.0
 5490.923	 -4816.0
 5492.568	 -4797.0
 5494.213	 -4772.0
 5495.857	 -4787.0
 5497.502	 -4807.0
 5499.128	 -4922.0
 5500.744	 -4971.0
 5502.361	 -4971.0
 5503.978	 -5076.0
 5505.594	 -5231.0
 5507.211	 -5196.0
 5508.828	 -5251.0
 5510.444	 -5308.0
 5512.061	 -5357.0
 5513.678	 -5414.0
 5515.295	 -5443.0
 5516.911	 -5467.0
 5518.528	 -5492.0
 5520.145	 -5517.0
 5521.762	 -5517.0
 5523.378	 -5554.0
 5524.995	 -5546.0
 5526.612	 -5535.0
 5528.201	 -5551.0
 5529.791	 -5551.0
 5531.381	 -5551.0
 5532.970	 -5546.0
 5534.560	 -5544.0
 5536.150	 -5540.0
 5537.740	 -5536.0
 5539.329	 -5536.0
 5540.919	 -5536.0
 5542.509	 -5535.0
 5544.143	 -5538.0
 5545.778	 -5540.0
 5547.412	 -5540.0
 5549.046	 -5540.0
 5550.681	 -5544.0
 5552.315	 -5544.0
 5553.949	 -5544.0
 5555.584	 -5544.0
 5557.218	 -5540.0
 5558.852	 -5544.0
 5560.487	 -5540.0
 5562.121	 -5540.0
 5563.756	 -5544.0
 5565.390	 -5538.0
 5567.024	 -5546.0
 5568.651	 -5560.0
 5570.278	 -5551.0
 5571.909	 -5536.0
 5573.546	 -5531.0
 5575.183	 -5531.0
 5576.820	 -5521.0
 5578.457	 -5521.0
 5580.095	 -5517.0
 5581.732	 -5523.0
 5583.369	 -5515.0
 5585.006	 -5517.0
 5586.644	 -5517.0
 5588.281	 -5511.0
 5589.918	 -5509.0
 5591.555	 -5507.0
 5593.193	 -5511.0
 5594.830	 -5507.0
 5596.467	 -5511.0
 5598.105	 -5505.0
 5599.742	 -5502.0
 5601.380	 -5517.0
 5603.017	 -5511.0
 5604.654	 -5509.0
 5606.292	 -5511.0
 5607.929	 -5515.0
 5609.567	 -5513.0
 5611.179	 -5509.0
 5612.777	 -5511.0
 5614.376	 -5515.0
 5615.975	 -5527.0
 5617.566	 -5525.0
 5619.158	 -5515.0
 5620.749	 -5511.0
 5622.317	 -5515.0
 5623.885	 -5517.0
 5625.452	 -5523.0
 5627.020	 -5521.0
 5628.588	 -5521.0
 5630.155	 -5515.0
 5631.723	 -5511.0
 5633.291	 -5513.0
 5634.858	 -5498.0
 5636.426	 -5502.0
 5637.994	 -5496.0
 5639.548	 -5504.0
 5641.269	 -5489.0
 5642.989	 -5476.0
 5644.709	 -5452.0
 5646.430	 -5454.0
 5648.150	 -5447.0
 5649.870	 -5449.0
 5651.591	 -5430.0
 5653.311	 -5347.0
 5655.031	 -5330.0
 5656.752	 -5339.0
 5658.472	 -5374.0
 5660.192	 -5370.0
 5661.913	 -5384.0
 5663.633	 -5423.0
 5665.353	 -5490.0
 5667.074	 -5164.0
 5668.794	 -5202.0
 5670.514	 -5407.0
 5672.234	 -5396.0
 5673.955	 -5270.0
 5675.675	 -5443.0
 5677.395	 -5124.0
 5679.115	 -5222.0
 5680.836	 -5260.0
 5682.556	 -5469.0
 5684.288	 -5482.0
 5686.041	 -5463.0
 5687.794	 -5487.0
 5689.547	 -5513.0
 5691.300	 -5519.0
 5693.053	 -5523.0
 5694.806	 -5527.0
 5696.559	 -5527.0
 5698.313	 -5521.0
 5700.066	 -5515.0
 5701.819	 -5515.0
 5703.572	 -5505.0
 5705.325	 -5502.0
 5707.078	 -5500.0
 5708.831	 -5496.0
 5710.584	 -5500.0
 5712.337	 -5492.0
 5714.090	 -5490.0
 5715.833	 -5489.0
 5717.556	 -5482.0
 5718.744	 -5482.0
 5719.932	 -5480.0
 5721.121	 -5473.0
 5724.184	 -5467.0
 5725.149	 -5458.0
 5726.293	 -5454.0
 5727.437	 -5454.0
 5728.681	 -5454.0
 5730.423	 -5447.0
 5732.165	 -5440.0
 5733.907	 -5436.0
 5735.650	 -5434.0
 5737.285	 -5430.0
 5738.386	 -5425.0
 5739.488	 -5425.0
 5741.139	 -5414.0
 5742.900	 -5411.0
 5744.662	 -5414.0
 5746.423	 -5414.0
 5748.184	 -5414.0
 5749.945	 -5414.0
 5751.733	 -5414.0
 5753.534	 -5414.0
 5755.335	 -5412.0
 5757.136	 -5405.0
 5758.937	 -5401.0
 5760.738	 -5403.0
 5762.539	 -5423.0
 5764.340	 -5416.0
 5766.141	 -5405.0
 5767.345	 -5414.0
 5768.550	 -5414.0
 5770.316	 -5425.0
 5772.080	 -5414.0
 5773.843	 -5414.0
 5775.605	 -5434.0
 5777.368	 -5434.0
 5779.130	 -5428.0
 5780.893	 -5423.0
 5782.656	 -5414.0
 5784.418	 -5411.0
 5786.181	 -5425.0
 5787.944	 -5231.0
 5789.707	 -5182.0
 5791.469	 -4918.0
 5793.232	 -4566.0
 5794.995	 -4032.0
 5796.757	 -3273.0
 5798.520	 -3121.0
 5800.283	 -2953.0
 5802.046	 -2464.0
 5803.809	 -2100.0
 5805.572	 -2402.0
 5807.335	 -2896.0
 5809.097	 -3614.0
 5810.860	 -4013.0
 5812.623	 -4442.0
 5814.386	 -4572.0
 5816.149	 -5105.0
 5817.912	 -5366.0
 5819.675	 -5473.0
 5821.438	 -5523.0
 5823.209	 -5536.0
 5824.979	 -5589.0
 5826.749	 -5614.0
 5828.519	 -5589.0
 5830.290	 -5618.0
 5832.060	 -5609.0
 5833.830	 -5609.0
 5835.600	 -5580.0
 5837.378	 -5595.0
 5839.159	 -5605.0
 5840.940	 -5629.0
 5842.721	 -5632.0
 5844.502	 -5629.0
 5846.283	 -5663.0
 5848.064	 -5671.0
 5849.845	 -5665.0
 5851.626	 -5676.0
 5853.407	 -5680.0
 5855.188	 -5682.0
 5856.969	 -5676.0
 5858.750	 -5696.0
 5860.531	 -5696.0
 5862.312	 -5700.0
 5864.093	 -5715.0
 5865.874	 -5735.0
 5867.654	 -5729.0
 5869.435	 -5735.0
 5871.215	 -5740.0
 5872.995	 -5753.0
 5874.776	 -5764.0
 5876.556	 -5764.0
 5878.337	 -5764.0
 5880.117	 -5775.0
 5881.898	 -5784.0
 5883.678	 -5799.0
 5885.459	 -5802.0
 5887.239	 -5806.0
 5889.020	 -5826.0
 5890.800	 -5842.0
 5892.581	 -5851.0
 5894.362	 -5900.0
 5896.142	 -5984.0
 5899.691	 -5222.0
 5901.435	 -5164.0
 5903.179	 -5551.0
 5904.922	 -5940.0
 5906.666	 -6018.0
 5908.410	 -6036.0
 5910.154	 -6070.0
 5911.898	 -6089.0
 5913.642	 -6105.0
 5915.385	 -6163.0
 5917.129	 -6193.0
 5918.878	 -6219.0
 5920.638	 -6213.0
 5922.397	 -6252.0
 5924.157	 -6295.0
 5925.916	 -6349.0
 5927.676	 -6271.0
 5929.432	 -6331.0
 5931.189	 -6332.0
 5932.946	 -6344.0
 5934.703	 -6222.0
 5936.459	 -6036.0
 5938.216	 -5724.0
 5939.973	 -5434.0
 5941.757	 -5629.0
 5943.597	 -5958.0
 5945.425	 -6076.0
 5947.247	 -5978.0
 5949.070	 -6056.0
 5950.892	 -6456.0
 5952.714	 -6490.0
 5954.536	 -6649.0
 5956.315	 -6723.0
 5958.006	 -7086.0
 5959.697	 -7215.0
 5961.388	 -6919.0
 5963.079	 -6959.0
 5964.770	 -7294.0
 5966.461	 -7394.0
 5968.152	 -7553.0
 5969.843	 -7732.0
 5971.534	 -7136.0
 5973.225	 -6880.0
 5974.916	 -6447.0
 5976.621	 -6275.0
 5978.036	 -6221.0
 5979.304	 -6242.0
 5980.573	 -6340.0
 5981.841	 -6412.0
 5983.124	 -6480.0
 5984.436	 -6553.0
 5985.748	 -6726.0
 5987.061	 -6939.0
 5988.373	 -7117.0
 5989.685	 -7275.0
 5990.997	 -7513.0
 5992.310	 -8027.0
 5993.622	 -8017.0
 5994.934	 -7976.0
 5996.246	 -7872.0
 5997.559	 -7812.0
 5998.871	 -7762.0
 6000.183	 -7712.0
 6001.496	 -7672.0
 6002.808	 -7434.0
 6004.121	 -7176.0
 6005.433	 -7077.0
 6006.746	 -6831.0
 6008.114	 -6482.0
 6009.482	 -6018.0
 6010.849	 -5784.0
 6012.217	 -5414.0
 6013.585	 -5337.0
 6014.953	 -5463.0
 6016.321	 -5686.0
 6017.689	 -5900.0
 6019.057	 -6018.0
 6020.400	 -6369.0
 6021.743	 -6967.0
 6023.086	 -7018.0
 6024.429	 -7097.0
 6025.772	 -7226.0
 6027.115	 -7344.0
 6028.458	 -7334.0
 6029.801	 -7334.0
 6031.144	 -7314.0
 6032.487	 -7326.0
 6033.830	 -7394.0
 6035.173	 -7513.0
 6036.517	 -7529.0
 6037.860	 -7434.0
 6039.203	 -7425.0
 6040.546	 -7434.0
 6041.889	 -7421.0
 6043.232	 -7409.0
 6044.576	 -7394.0
 6045.874	 -7384.0
 6047.172	 -7370.0
 6048.471	 -7344.0
 6049.769	 -7305.0
 6051.068	 -7269.0
 6052.366	 -7245.0
 6053.665	 -7226.0
 6054.963	 -7314.0
 6056.262	 -7305.0
 6057.561	 -7255.0
 6058.859	 -7239.0
 6060.206	 -7231.0
 6061.552	 -7186.0
 6062.898	 -7144.0
 6064.245	 -7102.0
 6065.591	 -7057.0
 6066.938	 -7043.0
 6068.284	 -7043.0
 6069.648	 -7027.0
 6070.672	 -7014.0
 6071.346	 -7002.0
 6072.466	 -7007.0
 6073.809	 -6959.0
 6075.152	 -6762.0
 6076.495	 -6545.0
 6077.837	 -6369.0
 6079.180	 -5822.0
 6080.523	 -5589.0
 6081.866	 -5396.0
 6083.209	 -4990.0
 6084.551	 -4702.0
 6085.894	 -4566.0
 6087.237	 -4548.0
 6088.580	 -4778.0
 6089.923	 -5357.0
 6091.266	 -5434.0
 6092.609	 -5629.0
 6093.952	 -5900.0
 6095.295	 -6134.0
 6096.638	 -6409.0
 6097.981	 -6534.0
 6099.314	 -6530.0
 6100.646	 -6530.0
 6101.979	 -6550.0
 6103.312	 -6514.0
 6104.644	 -6565.0
 6105.977	 -6654.0
 6107.310	 -6634.0
 6108.642	 -6608.0
 6109.975	 -6575.0
 6111.308	 -6409.0
 6112.659	 -6336.0
 6114.048	 -6295.0
 6115.436	 -6299.0
 6116.825	 -6334.0
 6118.213	 -6369.0
 6119.602	 -6346.0
 6120.990	 -6320.0
 6122.379	 -6287.0
 6123.767	 -6282.0
 6125.156	 -6287.0
 6126.545	 -6311.0
 6127.933	 -6282.0
 6129.322	 -6217.0
 6130.710	 -6208.0
 6132.099	 -6174.0
 6133.488	 -6154.0
 6134.877	 -6096.0
 6136.265	 -6076.0
 6137.654	 -6065.0
 6139.043	 -6080.0
 6140.432	 -6033.0
 6141.820	 -6007.0
 6143.209	 -5998.0
 6144.597	 -5969.0
 6145.986	 -5922.0
 6147.374	 -5902.0
 6148.763	 -5902.0
 6150.152	 -5880.0
 6151.540	 -5862.0
 6152.929	 -5822.0
 6154.317	 -5802.0
 6155.706	 -5771.0
 6157.095	 -5752.0
 6158.462	 -5738.0
 6159.784	 -5729.0
 6161.106	 -5706.0
 6162.428	 -5706.0
 6163.751	 -5686.0
 6165.073	 -5680.0
 6166.396	 -5663.0
 6167.718	 -5647.0
 6169.040	 -5638.0
 6170.363	 -5632.0
 6171.685	 -5556.0
 6173.008	 -5525.0
 6174.330	 -5531.0
 6175.653	 -5531.0
 6176.975	 -5531.0
 6178.298	 -5521.0
 6179.620	 -5507.0
 6180.943	 -5465.0
 6182.265	 -5454.0
 6183.588	 -5440.0
 6184.910	 -5434.0
 6186.233	 -5405.0
 6187.555	 -5357.0
 6188.878	 -5345.0
 6190.200	 -5324.0
 6191.523	 -5328.0
 6192.845	 -5299.0
 6194.168	 -5280.0
 6195.490	 -5251.0
 6196.813	 -5208.0
 6198.135	 -5202.0
 6199.458	 -5173.0
 6200.781	 -5115.0
 6202.103	 -5063.0
 6203.414	 -5080.0
 6204.725	 -5028.0
 6206.036	 -4994.0
 6207.347	 -4951.0
 6208.658	 -4932.0
 6209.970	 -4957.0
 6211.281	 -4932.0
 6212.592	 -4922.0
 6213.903	 -4928.0
 6215.214	 -4942.0
 6216.525	 -4971.0
 6217.836	 -4935.0
 6219.148	 -4938.0
 6220.518	 -4903.0
 6221.888	 -4899.0
 6223.259	 -4855.0
 6224.629	 -4783.0
 6225.966	 -4682.0
 6227.287	 -4759.0
 6228.607	 -4874.0
 6229.928	 -4816.0
 6231.249	 -4749.0
 6232.570	 -4592.0
 6233.890	 -4605.0
 6235.211	 -4720.0
 6236.532	 -4759.0
 6237.853	 -4897.0
 6239.173	 -4871.0
 6240.494	 -4841.0
 6241.841	 -4922.0
 6243.241	 -4932.0
 6244.640	 -4961.0
 6246.040	 -4946.0
 6247.440	 -4961.0
 6248.839	 -4990.0
 6250.239	 -4999.0
 6251.639	 -4984.0
 6253.038	 -4946.0
 6254.438	 -4913.0
 6255.838	 -4864.0
 6257.237	 -4807.0
 6258.637	 -4755.0
 6260.037	 -4653.0
 6261.459	 -4452.0
 6262.881	 -4807.0
 6264.303	 -5105.0
 6265.725	 -4778.0
 6267.113	 -4672.0
 6268.501	 -4448.0
 6269.889	 -4280.0
 6271.277	 -4068.0
 6272.665	 -3907.0
 6274.053	 -3747.0
 6275.441	 -3406.0
 6276.829	 -3320.0
 6278.217	 -3154.0
 6279.606	 -3013.0
 6280.994	 -2802.0
 6282.382	 -2859.0
 6283.770	 -2915.0
 6285.233	 -3093.0
 6286.697	 -3349.0
 6288.160	 -3851.0
 6289.623	 -3961.0
 6291.086	 -4242.0
 6292.533	 -4356.0
 6293.980	 -4471.0
 6295.426	 -4570.0
 6296.873	 -4647.0
 6298.319	 -4680.0
 6299.766	 -4640.0
 6301.213	 -4695.0
 6302.659	 -4638.0
 6304.106	 -4566.0
 6305.552	 -4620.0
 6306.999	 -4398.0
 6308.446	 -4314.0
 6309.892	 -4624.0
 6311.355	 -4951.0
 6312.818	 -5142.0
 6314.280	 -5241.0
 6315.743	 -5598.0
 6317.194	 -5673.0
 6318.623	 -5688.0
 6320.051	 -5671.0
 6321.479	 -5661.0
 6322.908	 -5660.0
 6324.336	 -5647.0
 6325.764	 -5638.0
 6327.193	 -5626.0
 6328.621	 -5624.0
 6330.049	 -5614.0
 6331.478	 -5622.0
 6332.906	 -5616.0
 6334.335	 -5620.0
 6335.763	 -5620.0
 6337.192	 -5618.0
 6338.620	 -5614.0
 6340.049	 -5609.0
 6341.477	 -5607.0
 6342.906	 -5607.0
 6344.334	 -5603.0
 6345.763	 -5603.0
 6347.187	 -5603.0
 6348.612	 -5605.0
 6350.037	 -5603.0
 6351.461	 -5607.0
 6352.886	 -5605.0
 6354.311	 -5609.0
 6355.735	 -5618.0
 6357.160	 -5629.0
 6358.585	 -5626.0
 6360.010	 -5629.0
 6361.434	 -5638.0
 6362.859	 -5647.0
 6364.284	 -5663.0
 6365.709	 -5667.0
 6367.134	 -5682.0
 6368.558	 -5696.0
 6369.983	 -5706.0
 6371.408	 -5738.0
 6372.833	 -5748.0
 6374.258	 -5750.0
 6375.975	 -5753.0
 6377.691	 -5760.0
 6379.408	 -5758.0
 6381.125	 -5752.0
 6382.842	 -5748.0
 6384.559	 -5735.0
 6386.276	 -5729.0
 6387.993	 -5729.0
 6389.710	 -5724.0
 6391.427	 -5715.0
 6393.144	 -5696.0
 6394.861	 -5680.0
 6396.579	 -5667.0
 6398.296	 -5661.0
 6400.013	 -5663.0
 6401.731	 -5661.0
 6403.448	 -5655.0
 6404.875	 -5651.0
 6406.013	 -5653.0
 6407.150	 -5651.0
 6414.530	 -5667.0
 6415.721	 -5682.0
 6416.912	 -5696.0
 6418.103	 -5676.0
 6419.294	 -5665.0
 6420.485	 -5660.0
 6421.676	 -5667.0
 6422.867	 -5661.0
 6424.429	 -5642.0
 6426.176	 -5660.0
 6427.924	 -5663.0
 6429.671	 -5671.0
 6431.418	 -5696.0
 6433.165	 -5706.0
 6434.913	 -5702.0
 6436.660	 -5696.0
 6438.436	 -5694.0
 6440.268	 -5696.0
 6441.603	 -5690.0
 6443.080	 -5671.0
 6444.839	 -5640.0
 6446.598	 -5618.0
 6448.357	 -5598.0
 6450.116	 -5571.0
 6451.875	 -5562.0
 6453.402	 -5575.0
 6455.132	 -5583.0
 6456.290	 -5598.0
 6458.159	 -5613.0
 6460.028	 -5618.0
 6461.897	 -5629.0
 6463.255	 -5638.0
 6464.552	 -5642.0
 6466.237	 -5665.0
 6467.922	 -5665.0
 6469.608	 -5665.0
 6471.293	 -5671.0
 6472.978	 -5667.0
 6474.663	 -5661.0
 6476.349	 -5706.0
 6478.034	 -5713.0
 6479.720	 -5719.0
 6481.405	 -5721.0
 6483.091	 -5719.0
 6484.777	 -5735.0
 6486.462	 -5750.0
 6488.148	 -5768.0
 6489.834	 -5773.0
 6491.519	 -5667.0
 6493.205	 -5521.0
 6494.891	 -5454.0
 6496.495	 -5521.0
 6498.058	 -5531.0
 6499.620	 -5380.0
 6501.183	 -5124.0
 6502.746	 -5173.0
 6504.192	 -5467.0
 6505.612	 -5589.0
 6507.240	 -5744.0
 6508.867	 -5740.0
 6510.494	 -5673.0
 6512.121	 -5740.0
 6513.749	 -5748.0
 6515.376	 -5735.0
 6517.003	 -5738.0
 6518.631	 -5731.0
 6520.258	 -5721.0
 6521.886	 -5715.0
 6523.513	 -5711.0
 6525.087	 -5715.0
 6526.634	 -5719.0
 6528.181	 -5719.0
 6529.728	 -5722.0
 6531.275	 -5735.0
 6532.785	 -5724.0
 6534.295	 -5702.0
 6535.805	 -5696.0
 6537.315	 -5434.0
 6538.825	 -5028.0
 6540.335	 -4465.0
 6541.846	 -4413.0
 6543.356	 -4308.0
 6544.881	 -4090.0
 6546.435	 -3907.0
 6547.990	 -3652.0
 6549.545	 -3482.0
 6551.099	 -3640.0
 6552.654	 -3558.0
 6554.208	 -3434.0
 6555.763	 -3141.0
 6557.318	 -3131.0
 6558.873	 -3018.0
 6560.428	 -3018.0
 6561.982	 -2971.0
 6563.537	 -3141.0
 6565.092	 -3112.0
 6566.647	 -3093.0
 6568.202	 -3065.0
 6569.757	 -3156.0
 6571.312	 -3160.0
 6572.867	 -3216.0
 6574.422	 -3225.0
 6575.978	 -3255.0
 6577.533	 -3179.0
 6579.091	 -3106.0
 6580.649	 -2902.0
 6582.208	 -2802.0
 6583.766	 -2779.0
 6585.324	 -2874.0
 6586.819	 -2973.0
 6587.996	 -3069.0
 6589.173	 -3387.0
 6590.350	 -3444.0
 6591.527	 -3515.0
 6593.026	 -3937.0
 6594.525	 -4090.0
 6596.024	 -4415.0
 6597.523	 -4897.0
 6599.022	 -5179.0
 6600.522	 -5249.0
 6602.021	 -5724.0
 6603.520	 -6023.0
 6605.020	 -5969.0
 6606.519	 -6447.0
 6608.018	 -6291.0
 6609.518	 -6208.0
 6611.017	 -6134.0
 6612.517	 -6174.0
 6614.016	 -6295.0
 6615.516	 -6409.0
 6617.015	 -6784.0
 6618.427	 -6803.0
 6619.840	 -6854.0
 6621.252	 -7156.0
 6622.696	 -7228.0
 6624.139	 -7275.0
 6625.583	 -7384.0
 6627.026	 -7523.0
 6628.470	 -7523.0
 6629.914	 -7384.0
 6631.357	 -7370.0
 6632.801	 -7373.0
 6634.245	 -7557.0
 6635.689	 -7582.0
 6637.132	 -7493.0
 6638.576	 -7473.0
 6640.020	 -7354.0
 6641.464	 -7067.0
 6642.908	 -7093.0
 6644.352	 -7206.0
 6645.837	 -7513.0
 6647.322	 -7872.0
 6648.808	 -7912.0
 6650.293	 -8011.0
 6651.778	 -8031.0
 6653.264	 -8131.0
 6654.749	 -8211.0
 6656.235	 -8281.0
 6657.720	 -8372.0
 6659.206	 -8503.0
 6660.691	 -8664.0
 6662.177	 -8714.0
 6663.662	 -8795.0
 6665.148	 -8872.0
 6666.634	 -8997.0
 6668.121	 -9200.0
 6669.608	 -9342.0
 6671.095	 -9443.0
 6672.582	 -9514.0
 6674.069	 -9443.0
 6675.556	 -9261.0
 6677.043	 -9159.0
 6678.529	 -9038.0
 6680.016	 -8997.0
 6681.503	 -8906.0
 6682.990	 -8714.0
 6684.477	 -8634.0
 6685.964	 -8473.0
 6687.451	 -8231.0
 6688.938	 -8121.0
 6690.425	 -7971.0
 6691.912	 -7792.0
 6693.399	 -7553.0
 6694.876	 -7503.0
 6696.354	 -7477.0
 6697.831	 -7434.0
 6699.309	 -7354.0
 6700.786	 -7156.0
 6702.264	 -6959.0
 6703.741	 -6850.0
 6705.219	 -6811.0
 6706.696	 -6782.0
 6708.174	 -6723.0
 6709.651	 -7038.0
 6711.128	 -7156.0
 6712.604	 -7077.0
 6714.080	 -6821.0
 6715.557	 -6742.0
 6717.033	 -6732.0
 6718.510	 -6802.0
 6720.004	 -6742.0
 6721.535	 -6565.0
 6723.065	 -6535.0
 6724.596	 -6526.0
 6726.127	 -6545.0
 6727.657	 -6537.0
 6729.188	 -6532.0
 6730.719	 -6545.0
 6732.249	 -6512.0
 6733.780	 -6409.0
 6735.311	 -6315.0
 6736.841	 -6193.0
 6738.372	 -6076.0
 6739.903	 -6005.0
 6741.434	 -5891.0
 6742.964	 -5831.0
 6744.495	 -5667.0
 6746.026	 -5511.0
 6747.530	 -5366.0
 6749.021	 -5211.0
 6750.512	 -5076.0
 6752.002	 -4913.0
 6753.493	 -4755.0
 6754.984	 -4643.0
 6756.453	 -4586.0
 6757.922	 -4441.0
 6759.391	 -4433.0
 6760.860	 -4454.0
 6762.329	 -4548.0
 6763.989	 -4653.0
 6765.649	 -4816.0
 6767.335	 -4759.0
 6769.151	 -4703.0
 6770.966	 -4671.0
 6772.781	 -4624.0
 6774.631	 -4586.0
 6776.548	 -4500.0
 6778.466	 -4327.0
 6780.384	 -4181.0
 6782.302	 -3917.0
 6784.220	 -3727.0
 6786.138	 -3599.0
 6788.056	 -3631.0
 6789.974	 -3694.0
 6791.892	 -3861.0
 6793.810	 -4003.0
 6795.728	 -4242.0
 6797.645	 -4199.0
 6799.541	 -4158.0
 6801.391	 -4112.0
 6803.241	 -4045.0
 6805.091	 -3984.0
 6806.942	 -3889.0
 6808.792	 -3813.0
 6810.688	 -3803.0
 6812.584	 -3747.0
 6814.481	 -3747.0
 6816.377	 -3709.0
 6818.273	 -3554.0
 6820.169	 -3463.0
 6822.066	 -3376.0
 6823.962	 -3359.0
 6825.858	 -3207.0
 6827.754	 -3069.0
 6829.651	 -3056.0
 6831.547	 -2971.0
 6833.444	 -2908.0
 6835.340	 -2811.0
 6837.236	 -2745.0
 6839.133	 -2642.0
 6841.029	 -2577.0
 6842.926	 -2502.0
 6844.822	 -2464.0
 6846.718	 -2387.0
 6848.615	 -2294.0
 6850.511	 -2216.0
 6852.408	 -2165.0
 6854.304	 -2140.0
 6856.201	 -2140.0
 6858.098	 -2106.0
 6859.994	 -2055.0
 6861.891	 -2014.0
 6863.787	 -1916.0
 6865.684	 -1850.0
 6867.654	 -1755.0
 6869.625	 -1703.0
 6871.595	 -1718.0
 6873.565	 -1656.0
 6875.536	 -1593.0
 6877.506	 -1493.0
 6879.477	 -1436.0
 6881.447	 -1427.0
 6883.418	 -1272.0
 6885.388	 -1133.0
 6887.338	 -1050.0
 6889.288	  -948.0
 6891.239	  -901.0
 6893.189	  -894.0
 6895.139	  -840.0
 6897.089	  -790.0
 6899.011	  -659.0
 6900.933	  -428.0
 6902.855	  -432.0
 6904.777	  -456.0
 6906.158	  -557.0
 6907.538	  -493.0
 6908.919	  -400.0
 6910.300	  -409.0
 6911.716	  -464.0
 6913.285	  -464.0
 6914.854	  -521.0
 6916.423	  -549.0
 6917.992	  -595.0
 6919.561	  -706.0
 6921.130	  -771.0
 6922.699	  -790.0
 6924.268	  -808.0
 6925.740	  -836.0
 6927.163	  -869.0
 6928.586	  -929.0
 6930.009	  -956.0
 6931.432	 -1003.0
 6932.855	 -1050.0
 6934.278	 -1092.0
 6935.701	 -1105.0
 6937.124	 -1189.0
 6938.547	 -1204.0
 6939.970	 -1272.0
 6941.394	 -1328.0
 6942.817	 -1281.0
 6944.240	 -1207.0
 6945.663	 -1068.0
 6947.040	  -901.0
 6948.323	  -873.0
 6949.564	 -1310.0
