#(m)z	t(yr)	dT(C)
0	0	0.00
1	17	0.00
2	35	0.00
3	53	0.00
4	72	0.00
5	91	0.00
6	110	0.00
7	129	0.00
8	149	-0.81
9	170	0.02
10	190	0.36
11	211	-0.95
12	234	-1.84
13	258	-1.09
14	281	-0.75
15	304	-0.22
16	327	-0.48
17	351	-0.75
18	375	0.23
19	397	1.33
20	420	0.35
21	444	0.18
22	469	-0.08
23	495	-1.08
24	523	-1.39
25	552	-1.61
26	581	-0.90
27	609	-0.60
28	637	-0.02
29	665	-0.18
30	695	-1.23
31	726	-1.54
32	757	-0.85
33	788	-0.10
34	817	-0.17
35	848	-0.78
36	881	-0.78
37	912	-0.17
38	944	-0.25
39	976	-0.28
40	1009	-0.81
41	1042	-0.05
42	1074	0.27
43	1107	-0.83
44	1142	-0.65
45	1176	-0.27
46	1211	-0.65
47	1247	-1.48
48	1285	-1.64
49	1321	-0.40
50	1356	0.33
51	1390	-0.05
52	1426	-0.13
53	1461	-0.03
54	1497	-0.46
55	1535	-1.00
56	1573	-0.96
57	1612	-1.33
58	1652	-1.51
59	1692	-0.88
60	1732	-1.06
61	1772	-1.21
62	1812	-1.24
63	1853	-0.96
64	1893	-0.53
65	1931	0.15
66	1970	-0.28
67	2009	-0.45
68	2049	-0.38
69	2089	-0.53
70	2129	-0.61
71	2171	-0.95
72	2212	-0.73
73	2253	0.12
74	2291	1.16
75	2331	-0.98
76	2374	-1.44
77	2418	-0.73
78	2460	-0.63
79	2501	0.30
80	2542	-0.27
81	2585	-1.36
82	2628	-0.17
83	2670	-0.02
84	2713	-1.19
85	2760	-1.97
86	2805	-0.61
87	2847	0.58
88	2889	-0.38
89	2934	-1.34
90	2980	-1.41
91	3026	-0.73
92	3070	-0.25
93	3114	-0.53
94	3158	-0.08
95	3201	0.15
96	3245	-0.43
97	3289	-0.61
98	3334	-0.30
99	3379	-0.13
100	3422	0.22
101	3466	0.17
102	3511	-0.91
103	3558	-0.90
104	3603	0.30
105	3646	0.65
106	3689	0.58
107	3732	0.03
108	3778	-0.63
109	3824	-0.46
110	3870	0.00
111	3915	-0.23
112	3962	-0.66
113	4009	-0.73
114	4057	-0.75
115	4104	-0.91
116	4153	-1.09
117	4202	-1.00
118	4250	-0.53
119	4295	0.55
120	4339	1.13
121	4381	1.13
122	4423	1.13
123	4466	1.13
124	4509	1.13
125	4552	0.88
126	4596	0.20
127	4642	-0.33
128	4690	-0.88
129	4739	-0.58
130	4786	0.25
131	4831	0.00
132	4880	-1.14
133	4929	-0.66
134	4977	-0.36
135	5025	-0.66
136	5072	0.13
137	5118	0.18
138	5165	-0.38
139	5212	-0.22
140	5259	0.28
141	5305	0.10
142	5351	0.08
143	5397	0.50
144	5442	0.50
145	5488	0.20
146	5534	0.02
147	5581	0.08
148	5627	0.03
149	5674	-0.06
150	5721	-0.15
151	5769	-0.25
152	5816	-0.22
153	5863	0.15
154	5909	0.45
155	5955	-0.13
156	6004	-0.73
157	6052	-0.21
158	6099	0.32
159	6145	-0.17
160	6193	-0.33
161	6241	0.09
162	6287	0.28
163	6334	-0.55
164	6385	-1.59
165	6436	-1.09
166	6486	-0.31
167	6534	-0.62
168	6583	-0.65
169	6631	0.37
170	6677	0.37
171	6724	-0.36
172	6773	-0.84
173	6823	-1.28
174	6874	-1.14
175	6924	-0.58
176	6973	-0.59
177	7023	-1.05
178	7074	-1.20
179	7124	-0.63
180	7172	0.02
181	7220	-0.04
182	7267	-0.11
183	7315	-0.29
184	7364	-0.81
185	7413	-0.58
186	7462	0.02
187	7509	-0.03
188	7555	0.48
189	7602	-0.02
190	7649	0.02
191	7697	-0.04
192	7745	-0.72
193	7794	-0.57
194	7844	-0.90
195	7894	-0.93
196	7944	-0.69
197	7994	-0.54
198	8043	-0.64
199	8091	0.30
200	8135	2.06
201	8178	0.59
202	8226	-0.87
203	8276	-0.78
204	8325	-0.55
205	8374	-0.21
206	8422	-0.26
207	8471	-0.52
208	8520	-0.65
209	8569	-0.68
210	8619	-0.73
211	8668	-0.56
212	8716	0.34
213	8763	0.13
214	8811	-0.81
215	8861	-0.53
216	8910	-0.54
217	8960	-0.88
218	9009	-0.48
219	9058	-0.41
220	9107	-0.60
221	9156	-0.51
222	9204	-0.13
223	9252	0.26
224	9298	0.03
225	9346	-0.39
226	9396	-0.82
227	9445	-0.70
228	9494	-0.16
229	9542	-0.16
230	9589	0.43
231	9635	0.51
232	9682	-0.46
233	9732	-0.80
234	9782	-0.85
235	9831	-0.74
236	9881	-0.36
237	9929	-0.37
238	9978	-0.65
239	10027	-0.28
240	10075	-0.47
241	10124	-0.58
242	10172	0.31
243	10218	0.52
244	10265	-0.18
245	10315	-1.30
246	10366	-0.97
247	10415	-0.43
248	10465	-0.76
249	10515	-0.77
250	10564	-0.79
251	10614	-0.90
252	10665	-0.96
253	10715	-0.70
254	10764	-0.26
255	10812	-0.44
256	10861	-0.62
257	10910	-0.15
258	10957	-0.12
259	11005	-0.23
260	11053	0.02
261	11100	0.09
262	11146	0.74
263	11191	0.81
264	11237	-0.18
265	11286	-0.48
266	11334	-0.27
267	11383	-0.73
268	11434	-1.22
269	11485	-1.29
270	11537	-1.57
271	11590	-1.59
272	11642	-1.61
273	11695	-1.83
274	11749	-2.20
275	11805	-2.37
276	11861	-2.85
277	11918	-2.55
278	11973	-2.19
279	12029	-2.84
280	12087	-3.09
281	12144	-2.77
282	12202	-2.90
283	12261	-3.88
284	12323	-4.18
285	12385	-3.96
286	12446	-3.61
287	12507	-3.76
288	12569	-4.25
289	12632	-4.25
290	12694	-3.91
291	12755	-3.57
292	12815	-3.24
293	12874	-3.40
294	12934	-3.50
295	12994	-3.67
296	13055	-3.85
297	13116	-3.75
298	13177	-3.72
299	13237	-3.45
300	13296	-3.17
301	13355	-3.17
302	13414	-3.67
303	13476	-4.28
304	13539	-4.02
305	13600	-3.57
306	13659	-3.27
307	13718	-2.91
308	13774	-2.19
309	13828	-2.04
310	13883	-2.24
311	13938	-2.06
312	13992	-2.32
313	14048	-2.57
314	14105	-2.83
315	14163	-3.08
316	14221	-3.34
317	14281	-3.60
318	14342	-3.85
319	14404	-4.11
320	14466	-3.64
321	14526	-3.82
322	14589	-4.34
323	14651	-3.98
324	14713	-3.92
325	14775	-4.14
326	14839	-4.52
327	14904	-4.68
328	14968	-4.44
329	15032	-4.66
330	15099	-5.32
331	15167	-5.40
332	15234	-5.00
333	15300	-4.81
334	15366	-4.74
335	15432	-5.15
336	15501	-5.71
337	15570	-5.60
338	15639	-5.44
339	15708	-5.57
340	15777	-5.29
341	15845	-5.35
342	15915	-6.19
343	15987	-5.99
344	16057	-5.75
345	16128	-6.08
346	16201	-6.34
347	16275	-6.74
348	16350	-6.88
349	16426	-6.88
350	16502	-6.74
351	16577	-6.77
352	16653	-6.97
353	16729	-7.16
354	16808	-7.49
355	16889	-8.33
356	16974	-8.51
357	17058	-8.04
358	17139	-7.60
359	17219	-7.53
360	17298	-7.45
361	17379	-8.09
362	17462	-8.27
363	17544	-7.68
364	17625	-7.78
365	17706	-7.84
366	17787	-7.82
367	17868	-7.72
368	17949	-7.75
369	18031	-8.19
370	18116	-8.63
371	18201	-8.16
372	18283	-7.89
373	18365	-7.74
374	18446	-7.97
375	18530	-8.50
376	18615	-8.43
377	18701	-8.73
378	18787	-8.46
379	18870	-7.58
380	18950	-7.63
381	19032	-8.11
382	19116	-8.26
383	19199	-8.03
384	19282	-7.81
385	19362	-7.54
386	19443	-7.70
387	19525	-8.15
388	19610	-8.45
389	19696	-8.71
390	19782	-8.52
391	19868	-8.61
392	19953	-7.99
393	20035	-7.62
394	20116	-7.84
395	20197	-7.52
396	20278	-7.82
397	20361	-8.11
398	20444	-8.08
399	20528	-8.03
400	20611	-8.04
401	20694	-7.96
402	20777	-7.87
403	20859	-7.94
404	20943	-8.12
405	21026	-8.10
406	21110	-7.93
407	21192	-7.91
408	21275	-7.91
409	21358	-8.00
410	21442	-8.09
411	21525	-7.73
412	21605	-7.36
413	21686	-7.66
414	21769	-8.24
415	21854	-8.33
416	21939	-8.12
417	22023	-8.15
418	22108	-8.41
419	22196	-8.82
420	22284	-8.82
421	22371	-8.45
422	22457	-8.30
423	22543	-8.37
424	22629	-8.45
425	22716	-8.52
426	22803	-8.59
427	22888	-7.97
428	22972	-7.92
429	23057	-8.50
430	23145	-8.80
431	23234	-8.89
432	23324	-9.01
433	23412	-8.54
434	23497	-7.76
435	23581	-8.20
436	23668	-8.63
437	23755	-8.63
438	23843	-8.63
439	23931	-8.44
440	24017	-8.26
441	24102	-8.03
442	24186	-7.87
443	24272	-8.68
444	24363	-9.39
445	24453	-8.46
446	24537	-7.53
447	24619	-7.51
448	24700	-7.50
449	24781	-7.25
450	24860	-7.00
451	24941	-7.57
452	25024	-8.14
453	25109	-7.98
454	25193	-7.83
455	25277	-7.68
456	25360	-7.89
457	25445	-8.27
458	25531	-8.13
459	25615	-7.70
460	25697	-7.05
461	25776	-6.98
462	25855	-7.26
463	25936	-7.29
464	26017	-7.47
465	26099	-7.48
466	26180	-7.16
467	26261	-7.24
468	26342	-7.55
469	26425	-7.82
470	26510	-8.05
471	26595	-8.09
472	26681	-8.09
473	26766	-7.74
474	26849	-7.56
475	26933	-7.90
476	27019	-8.64
477	27110	-9.02
478	27202	-9.02
479	27293	-8.82
480	27382	-8.62
481	27470	-8.14
482	27555	-7.84
483	27641	-8.28
484	27730	-8.66
485	27819	-8.52
486	27907	-8.27
487	27993	-8.09
488	28079	-7.90
489	28163	-7.69
490	28247	-7.49
491	28331	-8.16
492	28420	-8.82
493	28510	-8.47
494	28597	-8.12
495	28683	-7.77
496	28766	-7.42
497	28848	-7.07
498	28927	-6.71
499	29006	-6.71
500	29085	-6.98
501	29166	-7.25
502	29249	-7.52
503	29332	-7.79
504	29418	-8.05
505	29505	-8.35
506	29594	-8.37
507	29682	-8.33
508	29771	-8.58
509	29861	-8.43
510	29949	-8.30
511	30036	-7.95
512	30120	-7.14
513	30201	-7.02
514	30283	-7.62
515	30368	-7.83
516	30453	-7.75
517	30538	-7.64
518	30622	-7.52
519	30705	-7.41
520	30788	-7.30
521	30871	-7.63
522	30957	-7.95
523	31043	-8.00
524	31130	-8.05
525	31216	-7.85
526	31302	-7.65
527	31387	-7.77
528	31473	-8.03
529	31560	-8.20
530	31648	-7.93
531	31733	-7.40
532	31815	-7.14
533	31896	-6.77
534	31976	-6.74
535	32056	-6.79
536	32137	-7.09
537	32219	-7.27
538	32300	-6.61
539	32380	-7.07
540	32463	-7.49
541	32546	-6.99
542	32626	-6.62
543	32705	-6.71
544	32787	-7.47
545	32871	-7.47
546	32955	-7.29
547	33039	-7.59
548	33124	-7.60
549	33209	-7.60
550	33293	-7.34
551	33376	-7.07
552	33459	-7.44
553	33544	-7.54
554	33628	-7.31
555	33711	-7.12
556	33793	-7.17
557	33877	-7.36
558	33960	-7.17
559	34041	-6.53
560	34121	-6.88
561	34202	-6.76
562	34281	-6.25
563	34360	-6.59
564	34438	-6.08
565	34515	-6.01
566	34592	-6.15
567	34669	-5.87
568	34744	-5.70
569	34818	-5.14
570	34889	-4.82
571	34960	-5.05
572	35033	-5.52
573	35108	-5.98
574	35185	-5.90
575	35261	-5.82
576	35336	-5.39
577	35409	-5.24
578	35482	-5.37
579	35556	-5.55
580	35631	-5.65
581	35705	-5.41
582	35780	-5.62
583	35855	-5.72
584	35930	-5.77
585	36007	-6.22
586	36086	-6.40
587	36166	-6.70
588	36248	-7.03
589	36331	-7.22
590	36416	-7.70
591	36502	-7.30
592	36585	-6.67
593	36666	-6.97
594	36748	-6.65
595	36827	-6.02
596	36905	-6.32
597	36985	-6.62
598	37066	-6.76
599	37148	-6.90
600	37230	-6.90
601	37313	-6.97
602	37396	-7.20
603	37479	-6.80
604	37558	-5.97
605	37637	-6.38
606	37718	-6.88
607	37799	-6.60
608	37880	-6.45
609	37959	-6.30
610	38039	-6.43
611	38120	-6.66
612	38201	-6.80
613	38284	-6.96
614	38367	-7.09
615	38451	-7.18
616	38535	-7.18
617	38619	-6.94
618	38702	-6.73
619	38783	-6.69
620	38865	-6.64
621	38946	-6.60
622	39027	-6.56
623	39107	-6.21
624	39185	-5.93
625	39263	-5.93
626	39341	-6.16
627	39420	-6.24
628	39499	-6.24
629	39579	-6.13
630	39657	-6.13
631	39735	-5.91
632	39812	-5.48
633	39889	-6.24
634	39971	-6.96
635	40054	-6.91
636	40138	-7.21
637	40223	-7.07
638	40305	-6.31
639	40386	-6.51
640	40468	-6.91
641	40551	-6.71
642	40632	-6.56
643	40714	-6.67
644	40796	-6.46
645	40875	-5.74
646	40952	-5.74
647	41031	-6.37
648	41112	-6.59
649	41191	-5.89
650	41268	-5.19
651	41342	-5.11
652	41415	-5.02
653	41489	-5.09
654	41564	-5.48
655	41638	-4.80
656	41710	-4.53
657	41782	-5.08
658	41855	-4.81
659	41927	-4.68
660	42001	-5.27
661	42077	-5.69
662	42152	-4.99
663	42225	-4.65
664	42298	-5.30
665	42374	-5.70
666	42451	-5.40
667	42527	-5.49
668	42603	-5.43
669	42679	-5.69
670	42758	-6.13
671	42837	-5.95
672	42916	-5.88
673	42994	-5.93
674	43073	-5.80
675	43150	-5.53
676	43226	-5.50
677	43304	-6.04
678	43385	-6.45
679	43464	-5.42
680	43540	-5.47
681	43619	-6.68
682	43702	-6.60
683	43785	-6.48
684	43868	-6.94
685	43952	-6.88
686	44036	-6.72
687	44120	-6.99
688	44206	-7.27
689	44292	-6.94
690	44377	-6.97
691	44463	-7.51
692	44551	-7.13
693	44634	-6.15
694	44715	-6.55
695	44800	-7.44
696	44887	-7.04
697	44972	-6.68
698	45055	-6.72
699	45139	-6.69
700	45225	-7.40
701	45315	-8.16
702	45407	-7.91
703	45497	-7.64
704	45587	-7.94
705	45677	-7.38
706	45762	-6.55
707	45846	-6.93
708	45932	-7.01
709	46018	-7.02
710	46104	-7.39
711	46193	-7.38
712	46281	-7.47
713	46370	-7.51
714	46457	-7.15
715	46543	-6.78
716	46628	-6.90
717	46713	-6.91
718	46797	-6.48
719	46881	-6.71
720	46966	-6.92
721	47050	-6.67
722	47133	-6.29
723	47214	-5.92
724	47295	-6.17
725	47378	-6.73
726	47462	-6.55
727	47546	-6.78
728	47631	-6.99
729	47716	-6.36
730	47798	-6.28
731	47881	-6.74
732	47966	-6.85
733	48050	-6.46
734	48134	-6.65
735	48218	-6.49
736	48300	-6.02
737	48381	-6.05
738	48461	-5.80
739	48541	-5.83
740	48622	-6.26
741	48704	-6.36
742	48787	-6.48
743	48870	-6.39
744	48953	-6.24
745	49034	-5.76
746	49113	-5.77
747	49193	-5.89
748	49272	-5.51
749	49350	-5.51
750	49430	-5.89
751	49510	-5.97
752	49591	-6.07
753	49672	-5.78
754	49750	-5.30
755	49828	-5.58
756	49907	-5.60
757	49985	-5.18
758	50061	-5.03
759	50138	-5.45
760	50217	-5.70
761	50295	-5.37
762	50374	-5.54
763	50452	-5.54
764	50531	-5.65
765	50610	-5.57
766	50688	-5.19
767	50766	-5.72
768	50847	-6.07
769	50928	-5.89
770	51009	-5.74
771	51086	-4.91
772	51159	-3.77
773	51230	-4.34
774	51306	-5.38
775	51384	-5.60
776	51465	-6.21
777	51549	-6.60
778	51633	-6.43
779	51715	-5.47
780	51794	-5.59
781	51874	-6.02
782	51955	-5.56
783	52034	-5.56
784	52114	-5.81
785	52195	-5.84
786	52275	-5.55
787	52352	-5.03
788	52430	-5.60
789	52511	-6.13
790	52594	-6.23
791	52679	-6.71
792	52763	-6.15
793	52846	-6.10
794	52931	-6.93
795	53019	-7.18
796	53107	-7.07
797	53193	-6.36
798	53275	-5.65
799	53355	-5.55
800	53436	-6.05
801	53520	-6.65
802	53606	-6.65
803	53692	-6.55
804	53775	-6.04
805	53858	-6.22
806	53942	-6.49
807	54026	-6.14
808	54111	-6.60
809	54198	-7.06
810	54286	-6.96
811	54372	-6.40
812	54457	-6.53
813	54544	-6.80
814	54629	-6.17
815	54713	-6.35
816	54797	-6.29
817	54881	-6.36
818	54967	-6.71
819	55052	-6.31
820	55136	-6.16
821	55218	-5.58
822	55297	-5.34
823	55377	-5.65
824	55457	-5.42
825	55536	-5.21
826	55615	-5.43
827	55694	-5.54
828	55775	-5.81
829	55855	-5.23
830	55933	-4.80
831	56009	-5.09
832	56087	-4.95
833	56163	-4.71
834	56239	-4.92
835	56317	-5.11
836	56394	-4.76
837	56471	-5.09
838	56548	-5.10
839	56624	-4.35
840	56698	-4.42
841	56774	-4.88
842	56850	-4.47
843	56922	-3.71
844	56993	-3.68
845	57065	-4.18
846	57139	-4.54
847	57215	-4.73
848	57289	-4.01
849	57362	-4.05
850	57436	-4.85
851	57513	-4.85
852	57590	-4.86
853	57669	-5.78
854	57750	-5.51
855	57828	-4.65
856	57905	-4.98
857	57981	-4.65
858	58057	-4.62
859	58133	-4.90
860	58211	-4.96
861	58286	-4.27
862	58360	-4.22
863	58436	-4.93
864	58514	-5.21
865	58594	-5.66
866	58676	-5.86
867	58759	-6.06
868	58842	-5.93
869	58925	-5.85
870	59008	-6.04
871	59093	-6.41
872	59178	-6.31
873	59262	-5.86
874	59345	-5.85
875	59428	-6.03
876	59511	-5.86
877	59593	-5.53
878	59674	-5.53
879	59755	-5.53
880	59836	-5.81
881	59921	-6.49
882	60007	-6.53
883	60093	-6.15
884	60177	-6.11
885	60262	-6.20
886	60348	-6.45
887	60433	-6.30
888	60519	-6.28
889	60605	-6.53
890	60692	-6.58
891	60779	-6.61
892	60869	-7.31
893	60961	-7.48
894	61052	-6.98
895	61141	-6.81
896	61229	-6.53
897	61317	-6.88
898	61406	-6.86
899	61496	-7.00
900	61586	-7.26
901	61677	-6.86
902	61765	-6.50
903	61852	-6.60
904	61941	-7.00
905	62031	-7.10
906	62121	-7.05
907	62213	-7.44
908	62307	-7.72
909	62401	-7.64
910	62497	-8.09
911	62594	-8.02
912	62689	-7.67
913	62783	-7.54
914	62877	-7.51
915	62970	-7.51
916	63064	-7.51
917	63157	-7.51
918	63249	-7.11
919	63338	-6.43
920	63424	-6.26
921	63512	-6.84
922	63600	-6.66
923	63688	-6.41
924	63776	-6.83
925	63865	-6.82
926	63954	-6.79
927	64043	-6.94
928	64134	-7.27
929	64228	-7.70
930	64322	-7.55
931	64416	-7.40
932	64510	-7.91
933	64605	-7.43
934	64698	-7.49
935	64793	-7.97
936	64890	-7.92
937	64987	-8.17
938	65085	-7.98
939	65182	-7.95
940	65278	-7.76
941	65371	-7.25
942	65464	-7.49
943	65559	-7.71
944	65655	-8.15
945	65756	-8.85
946	65855	-7.75
947	65949	-7.40
948	66045	-8.21
949	66144	-8.31
950	66243	-8.06
951	66338	-7.33
952	66429	-6.88
953	66520	-7.07
954	66613	-7.73
955	66708	-7.76
956	66803	-7.54
957	66898	-7.73
958	66992	-7.44
959	67085	-7.22
960	67178	-7.47
961	67272	-7.63
962	67367	-7.52
963	67462	-7.80
964	67557	-7.71
965	67653	-7.86
966	67750	-8.15
967	67848	-8.04
968	67945	-7.89
969	68041	-7.55
970	68136	-7.80
971	68233	-8.27
972	68330	-7.65
973	68424	-7.45
974	68520	-8.01
975	68617	-7.94
976	68715	-8.20
977	68811	-7.59
978	68902	-6.36
979	68987	-5.81
980	69071	-6.12
981	69155	-5.62
982	69238	-5.75
983	69324	-6.69
984	69413	-6.92
985	69506	-7.54
986	69599	-7.33
987	69691	-6.97
988	69780	-6.55
989	69869	-6.75
990	69959	-7.31
991	70054	-7.84
992	70149	-7.72
993	70243	-7.05
994	70334	-7.08
995	70425	-7.26
996	70515	-6.52
997	70600	-5.67
998	70683	-5.67
999	70766	-5.67
1000	70848	-5.66
1001	70931	-5.66
1002	71013	-5.70
1003	71096	-5.75
1004	71180	-5.93
1005	71264	-5.99
1006	71347	-5.44
1007	71427	-5.15
1008	71506	-4.60
1009	71584	-5.30
1010	71664	-5.20
1011	71743	-4.81
1012	71822	-5.36
1013	71905	-6.13
1014	71989	-5.55
1015	72070	-5.38
1016	72152	-5.69
1017	72235	-5.81
1018	72318	-5.82
1019	72403	-6.28
1020	72489	-6.53
1021	72578	-6.89
1022	72666	-6.39
1023	72753	-6.64
1024	72840	-5.97
1025	72922	-5.29
1026	73003	-5.77
1027	73087	-6.00
1028	73172	-6.31
1029	73258	-6.44
1030	73347	-7.10
1031	73440	-7.81
1032	73533	-6.96
1033	73620	-6.10
1034	73706	-6.61
1035	73795	-7.12
1036	73885	-6.85
1037	73973	-6.45
1038	74060	-6.56
1039	74150	-7.17
1040	74238	-6.31
1041	74322	-5.91
1042	74405	-5.62
1043	74484	-4.74
1044	74565	-6.03
1045	74651	-6.92
1046	74738	-5.87
1047	74821	-5.85
1048	74903	-5.68
1049	74985	-5.61
1050	75066	-5.41
1051	75147	-5.72
1052	75229	-5.42
1053	75308	-5.12
1054	75388	-5.32
1055	75468	-5.41
1056	75547	-5.13
1057	75625	-4.66
1058	75701	-4.53
1059	75776	-4.39
1060	75850	-4.35
1061	75928	-5.41
1062	76007	-5.00
1063	76084	-4.83
1064	76162	-5.23
1065	76239	-4.37
1066	76313	-4.05
1067	76388	-4.80
1068	76465	-5.08
1069	76543	-5.16
1070	76622	-5.22
1071	76700	-4.92
1072	76777	-4.67
1073	76854	-5.09
1074	76933	-5.50
1075	77014	-5.47
1076	77094	-5.42
1077	77175	-5.90
1078	77259	-6.33
1079	77345	-6.71
1080	77433	-7.14
1081	77521	-6.59
1082	77606	-5.81
1083	77687	-5.76
1084	77769	-5.81
1085	77853	-6.45
1086	77938	-6.52
1087	78025	-6.62
1088	78113	-7.28
1089	78200	-6.06
1090	78277	-3.82
1091	78353	-5.71
1092	78437	-6.79
1093	78522	-6.12
1094	78606	-6.32
1095	78690	-6.06
1096	78772	-5.78
1097	78854	-5.87
1098	78937	-6.24
1099	79020	-5.91
1100	79098	-4.80
1101	79174	-4.80
1102	79251	-5.00
1103	79327	-4.76
1104	79402	-4.33
1105	79478	-5.43
1106	79557	-5.50
1107	79636	-5.23
1108	79714	-4.93
1109	79791	-5.28
1110	79870	-5.41
1111	79947	-4.95
1112	80020	-3.66
1113	80093	-4.87
1114	80173	-6.38
1115	80257	-6.11
1116	80341	-6.39
1117	80422	-5.41
1118	80498	-4.45
1119	80572	-4.25
1120	80645	-4.40
1121	80719	-4.75
1122	80794	-4.75
1123	80869	-4.50
1124	80943	-4.67
1125	81019	-4.93
1126	81096	-5.20
1127	81170	-4.04
1128	81240	-3.29
1129	81309	-3.87
1130	81381	-4.45
1131	81453	-3.89
1132	81523	-3.33
1133	81592	-3.79
1134	81662	-3.79
1135	81732	-3.81
1136	81802	-3.74
1137	81872	-3.73
1138	81942	-3.83
1139	82012	-3.48
1140	82080	-3.56
1141	82148	-3.01
1142	82213	-2.54
1143	82280	-3.65
1144	82352	-4.85
1145	82427	-4.59
1146	82500	-4.31
1147	82573	-4.53
1148	82647	-4.75
1149	82721	-4.27
1150	82792	-3.78
1151	82860	-3.10
1152	82925	-2.42
1153	82990	-2.98
1154	83055	-2.58
1155	83121	-3.46
1156	83190	-3.92
1157	83261	-3.94
1158	83331	-3.94
1159	83401	-3.70
1160	83470	-3.62
1161	83538	-3.27
1162	83608	-4.39
1163	83679	-3.71
1164	83747	-3.23
1165	83814	-3.20
1166	83881	-3.54
1167	83952	-4.32
1168	84025	-4.64
1169	84097	-4.27
1170	84168	-3.91
1171	84238	-3.91
1172	84308	-3.92
1173	84378	-4.01
1174	84448	-3.76
1175	84515	-2.53
1176	84576	-1.64
1177	84638	-2.65
1178	84703	-3.03
1179	84770	-3.43
1180	84838	-3.49
1181	84905	-3.29
1182	84971	-2.92
1183	85036	-2.64
1184	85100	-2.48
1185	85164	-2.92
1186	85229	-3.12
1187	85296	-3.23
1188	85361	-2.69
1189	85425	-2.64
1190	85489	-2.47
1191	85551	-2.34
1192	85615	-2.71
1193	85680	-3.00
1194	85746	-3.53
1195	85814	-3.42
1196	85881	-3.53
1197	85949	-3.51
1198	86016	-3.38
1199	86083	-3.38
1200	86150	-3.38
1201	86218	-3.63
1202	86286	-3.76
1203	86355	-3.64
1204	86423	-3.78
1205	86492	-3.91
1206	86562	-4.34
1207	86635	-4.87
1208	86707	-3.99
1209	86777	-4.35
1210	86848	-4.14
1211	86919	-4.12
1212	86989	-4.17
1213	87060	-4.40
1214	87132	-4.49
1215	87203	-4.39
1216	87274	-3.86
1217	87342	-3.46
1218	87410	-4.15
1219	87482	-4.83
1220	87554	-4.35
1221	87624	-3.80
1222	87695	-4.55
1223	87766	-4.28
1224	87837	-4.13
1225	87907	-4.21
1226	87978	-4.43
1227	88049	-4.43
1228	88122	-4.79
1229	88196	-5.13
1230	88271	-5.12
1231	88345	-5.12
1232	88420	-5.11
1233	88495	-5.10
1234	88570	-5.07
1235	88644	-5.03
1236	88719	-5.07
1237	88793	-4.93
1238	88866	-4.86
1239	88938	-4.09
1240	89008	-4.10
1241	89077	-4.11
1242	89148	-4.65
1243	89221	-4.91
1244	89296	-5.34
1245	89373	-5.76
1246	89450	-5.23
1247	89523	-4.69
1248	89597	-5.10
1249	89672	-5.43
1250	89748	-5.42
1251	89825	-5.41
1252	89900	-5.06
1253	89973	-4.69
1254	90048	-5.61
1255	90128	-6.68
1256	90209	-5.94
1257	90286	-5.34
1258	90362	-5.58
1259	90440	-5.73
1260	90517	-5.77
1261	90594	-5.18
1262	90668	-5.11
1263	90740	-4.16
1264	90812	-5.00
1265	90885	-4.79
1266	90959	-5.02
1267	91033	-4.99
1268	91107	-5.19
1269	91182	-5.21
1270	91258	-5.72
1271	91336	-5.81
1272	91411	-4.73
1273	91480	-3.53
1274	91547	-3.61
1275	91615	-4.05
1276	91685	-4.12
1277	91753	-3.85
1278	91823	-4.61
1279	91896	-4.85
1280	91968	-4.59
1281	92040	-4.83
1282	92114	-5.10
1283	92187	-4.71
1284	92259	-4.54
1285	92329	-3.99
1286	92398	-4.12
1287	92470	-4.94
1288	92542	-4.77
1289	92617	-5.45
1290	92690	-4.58
1291	92759	-3.32
1292	92827	-4.28
1293	92897	-4.46
1294	92967	-4.06
1295	93037	-4.14
1296	93107	-4.62
1297	93180	-5.15
1298	93254	-4.70
1299	93325	-4.48
1300	93397	-4.69
1301	93468	-4.44
1302	93540	-4.92
1303	93615	-5.61
1304	93690	-4.68
1305	93761	-4.27
1306	93829	-3.45
1307	93895	-3.27
1308	93961	-3.45
1309	94026	-3.25
1310	94093	-3.88
1311	94164	-4.97
1312	94238	-4.97
1313	94311	-4.84
1314	94382	-4.12
1315	94450	-3.66
1316	94517	-3.51
1317	94585	-4.15
1318	94655	-4.35
1319	94725	-4.45
1320	94795	-4.05
1321	94864	-3.87
1322	94932	-3.80
1323	95000	-3.96
1324	95070	-4.39
1325	95141	-4.77
1326	95214	-4.90
1327	95284	-3.64
1328	95351	-3.39
1329	95418	-3.89
1330	95487	-4.00
1331	95556	-4.00
1332	95624	-4.00
1333	95693	-3.85
1334	95761	-3.70
1335	95828	-3.70
1336	95895	-3.70
1337	95964	-4.00
1338	96033	-4.30
1339	96103	-3.95
1340	96170	-3.50
1341	96237	-3.50
1342	96304	-3.80
1343	96372	-3.87
1344	96441	-4.23
1345	96511	-4.35
1346	96582	-4.28
1347	96652	-4.35
1348	96722	-3.88
1349	96791	-4.20
1350	96861	-4.51
1351	96933	-4.51
1352	97004	-4.51
1353	97075	-4.42
1354	97148	-5.24
1355	97222	-4.90
1356	97294	-4.35
1357	97365	-4.57
1358	97439	-5.46
1359	97514	-4.98
1360	97588	-4.88
1361	97659	-4.12
1362	97727	-3.36
1363	97794	-4.10
1364	97864	-4.24
1365	97936	-4.82
1366	98010	-5.38
1367	98085	-4.87
1368	98157	-4.38
1369	98228	-4.51
1370	98300	-4.84
1371	98371	-3.93
1372	98439	-3.50
1373	98505	-3.51
1374	98572	-3.51
1375	98640	-4.12
1376	98712	-4.75
1377	98783	-4.39
1378	98855	-4.56
1379	98925	-4.00
1380	98994	-3.80
1381	99063	-4.17
1382	99134	-4.58
1383	99205	-4.35
1384	99275	-4.12
1385	99345	-4.07
1386	99414	-4.03
1387	99484	-4.01
1388	99553	-3.95
1389	99622	-3.92
1390	99691	-4.08
1391	99760	-3.89
1392	99828	-3.49
1393	99894	-3.49
1394	99961	-3.49
1395	100028	-3.45
1396	100095	-3.65
1397	100163	-3.83
1398	100232	-4.08
1399	100301	-3.59
1400	100367	-3.11
1401	100432	-3.11
1402	100498	-3.39
1403	100565	-3.68
1404	100633	-3.68
1405	100700	-3.61
1406	100768	-3.53
1407	100835	-3.42
1408	100902	-3.64
1409	100969	-3.52
1410	101036	-3.41
1411	101102	-3.29
1412	101168	-3.18
1413	101234	-3.18
1414	101299	-2.99
1415	101363	-2.77
1416	101427	-2.67
1417	101490	-2.58
1418	101554	-2.96
1419	101618	-2.81
1420	101681	-2.27
1421	101743	-2.37
1422	101806	-2.49
1423	101868	-2.36
1424	101930	-2.23
1425	101991	-2.10
1426	102052	-1.97
1427	102114	-2.42
1428	102177	-2.86
1429	102241	-2.63
1430	102304	-2.42
1431	102366	-2.26
1432	102427	-2.11
1433	102489	-2.48
1434	102553	-2.85
1435	102618	-3.08
1436	102684	-3.32
1437	102749	-2.82
1438	102812	-2.33
1439	102876	-2.93
1440	102942	-3.55
1441	103008	-3.09
1442	103073	-2.61
1443	103137	-3.19
1444	103205	-3.78
1445	103273	-3.67
1446	103341	-3.55
1447	103410	-4.04
1448	103481	-4.52
1449	103553	-4.46
1450	103625	-4.41
1451	103697	-4.41
1452	103769	-4.50
1453	103841	-4.45
1454	103912	-4.30
1455	103984	-4.24
1456	104054	-4.16
1457	104125	-4.11
1458	104195	-4.05
1459	104266	-4.22
1460	104337	-4.40
1461	104409	-4.37
1462	104480	-4.32
1463	104552	-4.33
1464	104623	-4.33
1465	104695	-4.25
1466	104766	-4.17
1467	104837	-4.17
1468	104908	-4.52
1469	104982	-4.85
1470	105055	-4.66
1471	105128	-4.48
1472	105200	-4.28
1473	105271	-4.10
1474	105342	-4.20
1475	105413	-4.29
1476	105485	-4.51
1477	105559	-4.71
1478	105631	-4.33
1479	105702	-3.93
1480	105772	-3.93
1481	105842	-3.92
1482	105911	-3.82
1483	105980	-3.71
1484	106048	-3.21
1485	106114	-2.71
1486	106179	-3.37
1487	106248	-4.02
1488	106319	-4.25
1489	106391	-4.48
1490	106463	-4.26
1491	106535	-4.04
1492	106606	-4.32
1493	106678	-4.60
1494	106752	-4.84
1495	106828	-5.07
1496	106902	-4.73
1497	106976	-4.40
1498	107048	-4.40
1499	107121	-4.40
1500	107194	-4.88
1501	107270	-5.36
1502	107349	-5.92
1503	107431	-6.48
1504	107515	-6.48
1505	107599	-6.48
1506	107683	-6.48
1507	107767	-6.67
1508	107852	-6.85
1509	107938	-6.90
1510	108025	-6.95
1511	108111	-6.95
1512	108198	-6.83
1513	108283	-6.71
1514	108369	-6.71
1515	108454	-6.64
1516	108538	-6.57
1517	108622	-6.43
1518	108706	-6.28
1519	108789	-6.28
1520	108872	-6.28
1521	108954	-6.27
1522	109037	-6.27
1523	109121	-6.53
1524	109206	-6.81
1525	109292	-6.81
1526	109378	-6.44
1527	109461	-6.09
1528	109543	-6.09
1529	109625	-6.09
1530	109707	-6.20
1531	109790	-6.30
1532	109872	-5.88
1533	109952	-5.47
1534	110031	-5.53
1535	110110	-5.58
1536	110189	-5.58
1537	110269	-5.58
1538	110348	-5.58
1539	110427	-5.57
1540	110507	-5.57
1541	110586	-5.57
1542	110666	-5.57
1543	110746	-6.00
1544	110829	-6.42
1545	110913	-6.25
1546	110996	-6.08
1547	111078	-5.88
1548	111159	-5.68
1549	111239	-5.68
1550	111319	-5.68
1551	111399	-5.68
1552	111480	-5.68
1553	111560	-5.68
1554	111640	-5.68
1555	111721	-6.02
1556	111805	-6.37
1557	111889	-6.37
1558	111973	-6.16
1559	112055	-5.94
1560	112137	-5.94
1561	112219	-5.94
1562	112301	-5.94
1563	112383	-5.94
1564	112465	-5.93
1565	112547	-5.82
1566	112628	-5.70
1567	112708	-5.67
1568	112790	-5.86
1569	112872	-6.06
1570	112954	-5.93
1571	113036	-5.80
1572	113116	-5.40
1573	113195	-4.98
1574	113272	-4.98
1575	113348	-4.86
1576	113425	-4.85
1577	113501	-4.89
1578	113578	-4.94
1579	113656	-5.27
1580	113736	-5.62
1581	113815	-5.10
1582	113891	-4.57
1583	113966	-4.57
1584	114041	-4.45
1585	114115	-4.33
1586	114189	-4.36
1587	114264	-4.39
1588	114338	-4.31
1589	114411	-4.24
1590	114486	-4.59
1591	114562	-4.95
1592	114639	-4.78
1593	114715	-4.60
1594	114790	-4.33
1595	114863	-4.06
1596	114935	-3.75
1597	115006	-3.45
1598	115077	-3.89
1599	115150	-4.32
1600	115222	-3.41
1601	115289	-2.48
1602	115355	-2.47
1603	115420	-2.47
1604	115486	-2.47
1605	115551	-2.47
1606	115617	-2.47
1607	115683	-2.56
1608	115749	-2.64
1609	115816	-3.11
1610	115886	-3.57
1611	115956	-3.34
1612	116025	-3.08
1613	116093	-2.97
1614	116161	-2.86
1615	116228	-2.88
1616	116296	-2.83
1617	116363	-2.76
1618	116430	-2.71
1619	116497	-2.67
1620	116563	-2.67
1621	116630	-2.67
1622	116697	-2.53
1623	116762	-2.41
1624	116827	-2.11
1625	116891	-1.83
1626	116954	-1.62
1627	117016	-1.44
1628	117077	-1.44
1629	117139	-1.63
1630	117202	-1.83
1631	117264	-1.59
1632	117326	-1.36
1633	117388	-1.67
1634	117451	-2.00
1635	117514	-1.50
1636	117575	-0.98
1637	117635	-1.26
1638	117697	-1.54
1639	117759	-1.67
1640	117822	-1.85
1641	117886	-1.88
1642	117949	-1.78
1643	118012	-1.66
1644	118074	-1.31
1645	118135	-0.94
1646	118194	-0.93
1647	118254	-0.93
1648	118314	-1.19
1649	118376	-1.46
1650	118438	-1.45
1651	118499	-1.12
1652	118559	-0.80
1653	118618	-0.57
1654	118676	-0.31
1655	118735	-1.04
1656	118796	-1.77
1657	118859	-1.47
1658	118921	-1.16
1659	118981	-1.16
1660	119042	-0.84
1661	119101	-0.51
1662	119160	-0.95
1663	119221	-1.40
1664	119283	-1.40
1665	119345	-1.33
1666	119406	-1.27
1667	119467	-1.07
1668	119528	-1.09
1669	119589	-1.31
1670	119650	-1.00
1671	119710	-0.68
1672	119770	-1.07
1673	119831	-1.47
1674	119894	-1.47
1675	119955	-1.16
1676	120016	-0.86
1677	120076	-1.08
1678	120138	-1.29
1679	120199	-1.09
1680	120259	-0.87
1681	120319	-0.86
1682	120379	-0.86
1683	120439	-0.63
1684	120498	-0.41
1685	120555	-0.14
1686	120612	0.13
1687	120669	0.02
1688	120726	-0.10
1689	120783	-0.24
1690	120841	-0.49
1691	120900	-0.59
1692	120959	-0.58
1693	121018	-0.75
1694	121079	-0.93
1695	121139	-0.92
1696	121199	-0.47
1697	121256	0.00
1698	121314	-0.32
1699	121373	-0.65
1700	121432	-0.64
1701	121492	-0.62
1702	121551	-0.60
1703	121610	-0.60
1704	121669	-0.32
1705	121727	-0.03
1706	121784	-0.03
1707	121840	0.28
1708	121896	0.58
1709	121951	0.59
1710	122006	0.11
1711	122064	-0.37
1712	122122	-0.01
1713	122178	0.32
1714	122234	0.41
1715	122290	0.50
1716	122345	0.32
1717	122402	0.13
1718	122458	0.13
1719	122515	0.27
1720	122571	0.39
1721	122627	0.18
1722	122684	-0.05
1723	122742	-0.39
1724	122801	-0.75
1725	122861	-0.30
1726	122919	-0.09
1727	122977	-0.32
1728	123036	-0.41
1729	123095	-0.51
1730	123154	-0.24
1731	123211	0.05
1732	123268	0.54
1733	123322	1.02
1734	123377	0.63
1735	123432	0.22
1736	123489	0.27
1737	123545	0.34
1738	123602	0.25
1739	123658	0.16
1740	123715	0.44
1741	123770	0.71
1742	123825	0.72
1743	123880	0.62
1744	123936	0.51
1745	123991	0.40
1746	124046	1.07
1747	124100	1.24
1748	124154	0.59
1749	124209	0.60
1750	124265	0.60
1751	124320	0.50
1752	124376	0.40
1753	124432	0.50
1754	124488	0.58
1755	124544	0.62
1756	124599	0.65
1757	124654	0.62
1758	124710	0.60
1759	124765	0.60
1760	124821	0.65
1761	124877	0.27
1762	124935	-0.14
1763	124993	0.04
1764	125050	0.24
1765	125107	0.47
1766	125162	0.69
1767	125217	0.95
1768	125271	1.22
1769	125325	0.92
1770	125380	0.61
1771	125435	0.82
1772	125490	1.02
1773	125544	1.07
1774	125598	1.11
1775	125653	0.76
1776	125708	0.43
1777	125765	0.45
1778	125821	0.53
1779	125877	0.61
1780	125933	0.55
1781	125989	0.47
1782	126046	0.38
1783	126103	0.28
1784	126160	0.17
1785	126217	0.53
1786	126272	1.03
1787	126327	1.00
1788	126381	0.97
1789	126436	0.93
1790	126491	0.90
1791	126545	1.26
1792	126598	1.61
1793	126650	1.93
1794	126700	2.50
1795	126749	2.74
1796	126799	2.07
1797	126851	1.41
1798	126904	1.73
1799	126955	2.07
1800	127006	2.06
1801	127057	2.05
1802	127108	2.04
1803	127159	2.13
1804	127210	2.22
1805	127260	2.33
1806	127310	2.44
1807	127360	2.44
1808	127410	2.46
1809	127460	2.37
1810	127510	2.29
1811	127560	2.40
1812	127610	2.52
1813	127660	2.37
1814	127710	2.22
1815	127760	2.43
1816	127810	2.58
1817	127860	2.49
1818	127910	2.16
1819	127961	2.06
1820	128012	2.26
1821	128062	2.49
1822	128112	2.72
1823	128161	2.70
1824	128210	2.68
1825	128259	2.50
1826	128309	2.78
1827	128357	3.23
1828	128405	3.16
1829	128453	3.08
1830	128501	3.06
1831	128549	2.71
1832	128599	2.37
1833	128650	2.11
1834	128702	1.87
1835	128753	2.16
1836	128804	2.45
1837	128854	2.20
1838	128906	1.96
1839	128958	1.70
1840	129011	1.44
1841	129065	1.42
1842	129119	1.39
1843	129172	1.83
1844	129224	2.25
1845	129274	2.52
1846	129324	2.78
1847	129374	2.20
1848	129428	0.67
1849	129486	-0.31
1850	129545	0.56
1851	129600	1.42
1852	129653	1.78
1853	129705	2.16
1854	129757	1.95
1855	129809	1.73
1856	129863	1.60
1857	129916	1.31
1858	129971	1.14
1859	130026	1.47
1860	130079	1.81
1861	130131	1.79
1862	130185	1.24
1863	130241	0.68
1864	130297	0.88
1865	130353	0.84
1866	130410	0.59
1867	130467	0.57
1868	130525	0.53
1869	130582	0.40
1870	130641	0.24
1871	130699	0.14
1872	130759	-0.13
1873	130819	-0.31
1874	130880	-0.43
1875	130942	-0.54
1876	131004	-0.56
1877	131066	-0.58
1878	131128	-0.79
1879	131190	-0.42
1880	131250	0.16
1881	131311	-0.49
1882	131374	-1.14
1883	131439	-1.54
1884	131506	-1.94
1885	131574	-1.73
1886	131641	-1.51
1887	131707	-1.48
1888	131773	-1.45
1889	131840	-1.87
1890	131908	-2.28
1891	131978	-2.23
1892	132048	-2.48
1893	132120	-2.78
1894	132192	-2.78
1895	132264	-2.60
1896	132335	-2.42
1897	132406	-2.44
1898	132477	-2.52
1899	132548	-2.57
1900	132619	-2.58
1901	132691	-2.58
1902	132763	-2.76
1903	132836	-3.16
1904	132911	-3.36
1905	132987	-3.61
1906	133065	-3.84
1907	133142	-3.69
1908	133219	-3.54
1909	133296	-3.73
1910	133374	-3.93
1911	133452	-3.58
1912	133528	-3.23
1913	133603	-3.23
1914	133679	-3.81
1915	133759	-4.41
1916	133841	-4.46
1917	133923	-4.47
1918	134005	-4.89
1919	134091	-5.28
1920	134178	-5.40
1921	134266	-5.74
1922	134356	-5.93
1923	134447	-6.09
1924	134538	-5.76
1925	134628	-5.74
1926	134719	-6.39
1927	134815	-6.97
1928	134912	-6.90
1929	135009	-6.88
1930	135107	-7.18
1931	135207	-7.26
1932	135308	-7.48
1933	135408	-7.30
1934	135507	-6.83
1935	135604	-6.91
1936	135702	-7.13
1937	135802	-7.33
1938	135903	-7.31
1939	136003	-7.14
1940	136103	-7.51
1941	136206	-7.81
1942	136309	-7.44
1943	136411	-7.39
1944	136512	-7.54
1945	136614	-7.29
1946	136715	-7.51
1947	136819	-7.94
1948	136923	-7.62
1949	137026	-7.50
1950	137130	-7.82
1951	137235	-7.93
1952	137341	-7.98
1953	137446	-7.72
1954	137549	-7.45
1955	137651	-7.47
1956	137754	-7.55
1957	137858	-7.88
1958	137966	-8.51
1959	138078	-8.89
1960	138193	-9.24
1961	138308	-8.94
1962	138420	-8.59
1963	138532	-8.72
1964	138644	-8.67
1965	138756	-8.67
1966	138868	-8.59
1967	138978	-8.30
1968	139087	-8.30
1969	139197	-8.53
1970	139308	-8.40
1971	139418	-8.40
1972	139530	-8.70
1973	139643	-8.86
1974	139756	-8.66
1975	139868	-8.43
1976	139979	-8.64
1977	140093	-8.99
1978	140207	-8.82
1979	140319	-8.34
1980	140430	-8.44
1981	140542	-8.67
1982	140655	-8.60
1983	140766	-8.38
1984	140876	-8.11
1985	140986	-8.59
1986	141100	-8.75
1987	141212	-8.38
1988	141323	-8.31
1989	141434	-8.54
1990	141547	-8.70
1991	141661	-8.58
1992	141773	-8.51
1993	141885	-8.39
1994	141997	-8.54
1995	142108	-8.21
1996	142218	-8.12
1997	142329	-8.36
1998	142440	-8.25
1999	142551	-8.49
2000	142665	-8.73
2001	142779	-8.68
2002	142893	-8.58
2003	143006	-8.41
2004	143117	-8.09
2005	143227	-8.17
2006	143338	-8.31
2007	143450	-8.34
2008	143562	-8.34
2009	143675	-8.65
2010	143790	-8.87
2011	143905	-8.36
2012	144016	-7.95
2013	144126	-8.18
2014	144237	-8.13
2015	144346	-7.71
2016	144453	-7.79
2017	144562	-7.85
2018	144671	-7.93
2019	144782	-8.21
2020	144894	-8.32
2021	145006	-8.19
2022	145116	-7.90
2023	145226	-8.00
2024	145337	-8.13
2025	145449	-8.31
2026	145563	-8.62
2027	145678	-8.49
2028	145792	-8.34
2029	145905	-8.45
2030	146019	-8.31
2031	146131	-8.00
2032	146242	-7.99
2033	146352	-7.86
2034	146461	-7.71
2035	146570	-7.82
2036	146681	-7.98
2037	146792	-8.02
2038	146903	-8.00
2039	147014	-7.88
2040	147124	-7.95
2041	147236	-8.02
2042	147347	-8.02
2043	147459	-8.15
2044	147572	-8.05
2045	147684	-7.97
2046	147796	-8.25
2047	147910	-8.32
2048	148025	-8.47
2049	148141	-8.45
2050	148253	-7.67
2051	148362	-7.52
2052	148471	-7.70
2053	148581	-7.64
2054	148691	-7.84
2055	148802	-7.84
2056	148913	-7.72
2057	149022	-7.62
2058	149132	-7.54
2059	149241	-7.67
2060	149351	-7.52
2061	149460	-7.46
2062	149569	-7.66
2063	149679	-7.64
2064	149789	-7.61
2065	149899	-7.57
2066	150008	-7.34
2067	150116	-7.33
2068	150224	-7.54
2069	150333	-7.34
2070	150440	-6.93
2071	150545	-6.96
2072	150653	-7.43
2073	150762	-7.41
2074	150868	-6.75
2075	150972	-6.61
2076	151076	-6.86
2077	151181	-6.91
2078	151287	-6.91
2079	151393	-7.22
2080	151502	-7.42
2081	151611	-7.38
2082	151721	-7.40
2083	151832	-7.82
2084	151945	-7.89
2085	152058	-7.89
2086	152171	-7.69
2087	152283	-7.77
2088	152398	-8.15
2089	152513	-8.08
2090	152628	-7.86
2091	152740	-7.64
2092	152852	-7.49
2093	152963	-7.67
2094	153076	-7.64
2095	153188	-7.78
2096	153301	-7.68
2097	153412	-7.23
2098	153523	-7.61
2099	153637	-8.06
2100	153753	-8.10
2101	153868	-7.74
2102	153981	-7.62
2103	154094	-7.72
2104	154207	-7.64
2105	154322	-8.14
2106	154438	-7.86
2107	154551	-7.37
2108	154664	-7.85
2109	154783	-9.00
2110	154907	-8.80
2111	155029	-8.53
2112	155151	-8.84
2113	155271	-8.06
2114	155388	-8.08
2115	155506	-8.21
2116	155625	-8.40
2117	155743	-7.89
2118	155861	-8.37
2119	155983	-8.87
2120	156105	-8.28
2121	156225	-8.50
2122	156349	-9.08
2123	156473	-8.54
2124	156593	-8.17
2125	156714	-8.52
2126	156835	-8.49
2127	156957	-8.55
2128	157080	-8.58
2129	157202	-8.50
2130	157324	-8.59
2131	157444	-7.84
2132	157560	-7.69
2133	157677	-7.91
2134	157793	-7.67
2135	157909	-7.75
2136	158026	-7.93
2137	158140	-6.97
2138	158250	-6.93
2139	158359	-6.63
2140	158469	-7.13
2141	158584	-8.05
2142	158702	-7.62
2143	158815	-7.07
2144	158925	-6.62
2145	159033	-6.72
2146	159139	-5.89
2147	159240	-5.27
2148	159340	-5.63
2149	159444	-6.58
2150	159548	-5.36
2151	159651	-6.27
2152	159757	-6.37
2153	159865	-6.54
2154	159971	-5.94
2155	160076	-6.25
2156	160184	-6.76
2157	160293	-6.67
2158	160403	-6.78
2159	160514	-6.79
2160	160626	-7.40
2161	160740	-6.85
2162	160851	-7.07
2163	160963	-6.79
2164	161077	-7.48
2165	161192	-7.34
2166	161308	-7.52
2167	161427	-7.97
2168	161545	-7.41
2169	161661	-7.38
2170	161776	-7.03
2171	161890	-7.25
2172	162005	-7.18
2173	162117	-6.60
2174	162227	-6.60
2175	162336	-6.22
2176	162440	-5.46
2177	162543	-5.59
2178	162649	-6.60
2179	162759	-6.42
2180	162867	-6.14
2181	162976	-6.52
2182	163089	-7.25
2183	163204	-7.03
2184	163318	-7.05
2185	163432	-7.00
2186	163546	-6.81
2187	163660	-7.23
2188	163777	-7.39
2189	163896	-7.66
2190	164016	-7.76
2191	164136	-7.58
2192	164258	-8.26
2193	164385	-8.46
2194	164512	-8.57
2195	164642	-8.77
2196	164769	-8.11
2197	164894	-8.29
2198	165021	-8.44
2199	165148	-8.30
2200	165274	-8.31
2201	165399	-7.82
2202	165522	-7.98
2203	165646	-8.17
2204	165774	-8.57
2205	165903	-8.53
2206	166029	-7.97
2207	166155	-8.44
2208	166284	-8.39
2209	166411	-8.12
2210	166537	-8.34
2211	166662	-7.65
2212	166785	-7.90
2213	166909	-7.82
2214	167035	-8.45
2215	167164	-8.25
2216	167290	-7.99
2217	167414	-7.76
2218	167539	-7.96
2219	167664	-7.96
2220	167790	-8.05
2221	167915	-7.89
2222	168039	-7.56
2223	168159	-7.13
2224	168276	-6.65
2225	168391	-6.62
2226	168506	-6.90
2227	168623	-6.71
2228	168739	-6.94
2229	168857	-7.05
2230	168974	-6.59
2231	169088	-6.33
2232	169201	-6.33
2233	169314	-6.29
2234	169425	-5.81
2235	169531	-5.08
2236	169638	-5.83
2237	169750	-6.47
2238	169866	-6.87
2239	169983	-6.61
2240	170101	-7.01
2241	170221	-7.30
2242	170340	-6.71
2243	170455	-6.23
2244	170568	-6.05
2245	170683	-6.85
2246	170803	-7.25
2247	170922	-6.61
2248	171040	-7.01
2249	171165	-7.97
2250	171289	-7.00
2251	171405	-6.16
2252	171519	-6.27
2253	171638	-7.41
2254	171760	-6.88
2255	171880	-7.08
2256	172004	-7.65
2257	172132	-8.05
2258	172262	-8.15
2259	172393	-8.14
2260	172522	-7.53
2261	172647	-7.56
2262	172774	-7.64
2263	172900	-7.51
2264	173027	-7.72
2265	173153	-7.31
2266	173275	-6.89
2267	173397	-7.11
2268	173519	-6.96
2269	173642	-7.13
2270	173761	-6.30
2271	173875	-5.74
2272	173988	-5.91
2273	174105	-6.86
2274	174226	-6.74
2275	174344	-6.18
2276	174459	-6.02
2277	174573	-5.95
2278	174688	-6.09
2279	174804	-6.27
2280	174920	-5.92
2281	175034	-6.02
2282	175150	-6.14
2283	175266	-6.16
2284	175386	-6.84
2285	175509	-7.25
2286	175630	-6.09
2287	175746	-6.04
2288	175866	-7.00
2289	175991	-7.22
2290	176117	-7.23
2291	176244	-7.56
2292	176373	-7.33
2293	176501	-7.50
2294	176630	-7.58
2295	176759	-7.54
2296	176887	-7.19
2297	177015	-7.49
2298	177142	-7.08
2299	177268	-7.06
2300	177393	-6.88
2301	177517	-6.92
2302	177644	-7.40
2303	177773	-7.44
2304	177900	-6.94
2305	178026	-7.07
2306	178153	-7.25
2307	178283	-7.64
2308	178417	-8.19
2309	178554	-8.15
2310	178691	-8.28
2311	178830	-8.35
2312	178965	-7.50
2313	179093	-6.77
2314	179217	-6.65
2315	179342	-7.00
2316	179468	-6.83
2317	179590	-6.08
2318	179706	-5.30
2319	179820	-5.49
2320	179939	-6.39
2321	180060	-6.34
2322	180182	-6.35
2323	180304	-6.28
2324	180426	-6.44
2325	180546	-5.71
2326	180663	-5.64
2327	180780	-5.64
2328	180895	-5.32
2329	181011	-5.73
2330	181132	-6.64
2331	181259	-6.92
2332	181382	-5.80
2333	181502	-6.20
2334	181626	-6.77
2335	181753	-6.71
2336	181881	-6.95
2337	182011	-7.30
2338	182146	-7.87
2339	182284	-8.00
2340	182421	-7.52
2341	182556	-7.66
2342	182694	-8.08
2343	182830	-7.29
2344	182965	-7.70
2345	183102	-7.77
2346	183243	-8.58
2347	183386	-8.11
2348	183525	-7.64
2349	183664	-8.17
2350	183807	-8.20
2351	183948	-8.08
2352	184088	-7.79
2353	184229	-8.10
2354	184367	-7.37
2355	184501	-7.10
2356	184641	-8.72
2357	184787	-8.21
2358	184928	-7.75
2359	185069	-8.10
2360	185212	-8.23
2361	185354	-7.75
2362	185494	-7.94
2363	185640	-8.72
2364	185788	-8.49
2365	185931	-7.64
2366	186071	-7.90
2367	186213	-7.98
2368	186356	-7.95
2369	186499	-8.14
2370	186642	-7.68
2371	186784	-8.09
2372	186927	-7.94
2373	187067	-7.36
2374	187204	-7.27
2375	187343	-7.75
2376	187486	-8.14
2377	187630	-7.78
2378	187770	-7.42
2379	187907	-7.01
2380	188042	-7.03
2381	188181	-7.87
2382	188324	-7.84
2383	188467	-7.63
2384	188609	-7.92
2385	188752	-7.51
2386	188892	-7.46
2387	189030	-7.10
2388	189165	-6.64
2389	189297	-6.48
2390	189431	-7.08
2391	189568	-7.02
2392	189702	-6.63
2393	189832	-6.02
2394	189961	-6.27
2395	190092	-6.49
2396	190222	-6.00
2397	190348	-5.61
2398	190469	-4.84
2399	190587	-4.79
2400	190705	-4.72
2401	190822	-4.51
2402	190934	-3.60
2403	191043	-3.68
2404	191156	-4.63
2405	191276	-5.18
2406	191398	-5.35
2407	191522	-5.51
2408	191647	-5.55
2409	191771	-5.36
2410	191895	-5.46
2411	192018	-4.97
2412	192138	-4.83
2413	192258	-5.02
2414	192382	-5.51
2415	192509	-5.85
2416	192638	-6.01
2417	192768	-5.97
2418	192895	-5.35
2419	193022	-5.84
2420	193152	-6.21
2421	193285	-6.28
2422	193421	-6.78
2423	193556	-6.25
2424	193687	-5.68
2425	193816	-5.89
2426	193946	-5.88
2427	194075	-5.63
2428	194201	-5.19
2429	194324	-4.80
2430	194444	-4.53
2431	194565	-4.96
2432	194687	-4.79
2433	194806	-4.23
2434	194926	-5.07
2435	195051	-5.22
2436	195175	-4.90
2437	195298	-4.81
2438	195420	-4.92
2439	195546	-5.48
2440	195676	-5.88
2441	195808	-5.95
2442	195940	-5.78
2443	196071	-5.73
2444	196202	-5.59
2445	196332	-5.72
2446	196463	-5.72
2447	196593	-5.45
2448	196722	-5.37
2449	196846	-4.49
2450	196965	-4.04
2451	197086	-4.86
2452	197211	-5.17
2453	197338	-4.97
2454	197462	-4.79
2455	197587	-4.87
2456	197711	-4.83
2457	197833	-4.30
2458	197954	-4.48
2459	198075	-4.07
2460	198192	-3.85
2461	198309	-3.80
2462	198426	-3.81
2463	198542	-3.68
2464	198656	-3.20
2465	198768	-3.29
2466	198881	-3.08
2467	198992	-2.96
2468	199104	-3.37
2469	199220	-3.84
2470	199337	-3.62
2471	199452	-3.40
2472	199567	-3.63
2473	199682	-3.17
2474	199793	-2.80
2475	199904	-2.95
2476	200015	-2.68
2477	200124	-2.78
2478	200236	-3.07
2479	200345	-2.23
2480	200451	-2.02
2481	200558	-2.42
2482	200666	-2.48
2483	200776	-2.82
2484	200887	-2.84
2485	200998	-2.78
2486	201109	-2.59
2487	201216	-1.90
2488	201319	-1.49
2489	201423	-1.96
2490	201529	-2.11
2491	201635	-1.99
2492	201742	-2.26
2493	201849	-2.08
2494	201957	-2.34
2495	202065	-2.02
2496	202169	-1.53
2497	202275	-2.40
2498	202386	-2.59
2499	202496	-2.51
2500	202607	-2.54
2501	202717	-2.35
2502	202826	-2.29
2503	202936	-2.49
2504	203046	-2.38
2505	203155	-1.98
2506	203262	-1.90
2507	203370	-2.34
2508	203481	-2.56
2509	203592	-2.43
2510	203704	-2.73
2511	203818	-2.92
2512	203933	-3.03
2513	204049	-3.10
2514	204164	-2.71
2515	204278	-2.84
2516	204394	-3.25
2517	204512	-3.17
2518	204629	-2.94
2519	204743	-2.56
2520	204857	-2.78
2521	204973	-3.17
2522	205092	-3.55
2523	205214	-3.69
2524	205336	-3.68
2525	205458	-3.63
2526	205582	-3.95
2527	205708	-4.25
2528	205836	-4.35
2529	205965	-4.45
2530	206097	-4.95
2531	206232	-5.05
2532	206366	-4.67
2533	206496	-4.39
2534	206627	-4.62
2535	206759	-4.65
2536	206890	-4.27
2537	207019	-4.37
2538	207149	-4.29
2539	207278	-4.31
2540	207409	-4.49
2541	207540	-4.37
2542	207671	-4.47
2543	207803	-4.51
2544	207933	-4.11
2545	208061	-4.02
2546	208191	-4.35
2547	208319	-3.70
2548	208445	-3.81
2549	208571	-3.68
2550	208696	-3.59
2551	208821	-3.60
2552	208946	-3.55
2553	209072	-3.70
2554	209195	-3.06
2555	209315	-2.88
2556	209436	-3.17
2557	209560	-3.55
2558	209686	-3.73
2559	209812	-3.48
2560	209938	-3.58
2561	210062	-3.07
2562	210182	-2.51
2563	210300	-2.64
2564	210418	-2.67
2565	210538	-2.91
2566	210659	-2.79
2567	210777	-2.33
2568	210893	-2.14
2569	211009	-2.21
2570	211127	-2.64
2571	211246	-2.67
2572	211366	-2.56
2573	211485	-2.53
2574	211603	-2.28
2575	211721	-2.61
2576	211842	-2.80
2577	211960	-2.00
2578	212075	-2.03
2579	212190	-1.81
2580	212305	-2.17
2581	212422	-2.07
2582	212538	-2.03
2583	212653	-1.65
2584	212766	-1.63
2585	212881	-2.07
2586	212996	-1.65
2587	213109	-1.50
2588	213223	-1.96
2589	213338	-1.76
2590	213453	-1.67
2591	213567	-1.82
2592	213684	-2.06
2593	213799	-1.45
2594	213911	-1.35
2595	214024	-1.58
2596	214138	-1.50
2597	214251	-1.40
2598	214364	-1.41
2599	214478	-1.61
2600	214592	-1.58
2601	214706	-1.36
2602	214819	-1.29
2603	214932	-1.39
2604	215047	-1.67
2605	215161	-1.40
2606	215274	-1.24
2607	215386	-1.02
2608	215497	-0.91
2609	215608	-1.22
2610	215723	-1.74
2611	215839	-1.45
2612	215955	-1.79
2613	216075	-2.28
2614	216197	-2.39
2615	216319	-2.11
2616	216439	-2.14
2617	216560	-2.10
2618	216678	-1.39
2619	216792	-1.05
2620	216904	-0.97
2621	217018	-1.23
2622	217131	-1.07
2623	217244	-0.86
2624	217356	-1.02
2625	217470	-1.13
2626	217584	-1.20
2627	217699	-1.18
2628	217817	-2.18
2629	217939	-2.04
2630	218060	-1.85
2631	218181	-1.97
2632	218303	-2.08
2633	218426	-2.20
2634	218551	-2.62
2635	218681	-3.23
2636	218814	-3.20
2637	218946	-2.94
2638	219076	-2.90
2639	219207	-2.98
2640	219339	-3.17
2641	219472	-3.35
2642	219605	-2.84
2643	219738	-3.42
2644	219878	-4.37
2645	220023	-4.31
2646	220167	-4.23
2647	220312	-4.43
2648	220461	-4.99
2649	220613	-4.84
2650	220761	-4.35
2651	220907	-4.49
2652	221058	-5.03
2653	221210	-4.89
2654	221363	-4.95
2655	221520	-5.78
2656	221684	-6.19
2657	221850	-6.02
2658	222015	-6.06
2659	222182	-6.21
2660	222355	-7.07
2661	222535	-7.29
2662	222711	-6.49
2663	222885	-6.78
2664	223062	-7.02
2665	223240	-6.89
2666	223420	-7.30
2667	223605	-7.63
2668	223792	-7.60
2669	223979	-7.55
2670	224164	-7.36
2671	224351	-7.64
2672	224536	-7.19
2673	224716	-6.66
2674	224888	-5.89
2675	225058	-6.22
2676	225229	-6.20
2677	225399	-5.88
2678	225562	-4.99
2679	225726	-5.96
2680	225900	-6.59
2681	226072	-5.72
2682	226238	-5.58
2683	226408	-6.17
2684	226582	-6.33
2685	226758	-6.53
2686	226939	-7.04
2687	227128	-7.70
2688	227321	-7.62
2689	227512	-7.19
2690	227699	-7.12
2691	227883	-6.81
2692	228064	-6.50
2693	228241	-6.01
2694	228416	-6.19
2695	228596	-6.81
2696	228783	-7.33
2697	228974	-7.34
2698	229165	-7.19
2699	229354	-7.01
2700	229541	-6.89
2701	229726	-6.71
2702	229909	-6.34
2703	230088	-6.15
2704	230264	-5.85
2705	230440	-6.17
2706	230618	-5.94
2707	230794	-5.96
2708	230972	-6.09
2709	231146	-5.37
2710	231315	-5.15
2711	231482	-5.07
2712	231649	-4.98
2713	231815	-4.93
2714	231979	-4.54
2715	232140	-4.38
2716	232299	-4.21
2717	232458	-4.29
2718	232617	-4.16
2719	232774	-3.91
2720	232930	-3.80
2721	233083	-3.44
2722	233236	-3.66
2723	233390	-3.71
2724	233542	-3.26
2725	233691	-2.87
2726	233836	-2.59
2727	233979	-2.33
2728	234122	-2.78
2729	234268	-2.66
2730	234411	-2.22
2731	234552	-2.22
2732	234694	-2.25
2733	234837	-2.65
2734	234984	-2.77
2735	235129	-2.44
2736	235271	-1.93
2737	235411	-1.92
2738	235552	-2.24
2739	235694	-2.13
2740	235836	-2.11
2741	235977	-1.89
2742	236114	-1.45
2743	236250	-1.40
2744	236385	-1.11
2745	236518	-1.17
2746	236652	-1.15
2747	236785	-0.94
2748	236916	-0.60
2749	237043	0.10
2750	237166	0.16
2751	237288	0.48
2752	237410	0.36
2753	237529	1.03
2754	237643	1.73
2755	237755	1.74
2756	237866	1.99
2757	237975	2.20
2758	238084	2.09
2759	238194	1.90
2760	238306	1.75
2761	238419	1.66
2762	238532	1.55
2763	238647	1.30
2764	238764	1.12
2765	238883	0.99
2766	239003	0.69
2767	239125	0.56
2768	239248	0.46
2769	239375	-0.18
2770	239506	-0.54
2771	239642	-1.29
2772	239784	-1.76
2773	239931	-2.22
2774	240080	-2.12
2775	240231	-2.59
2776	240387	-3.09
2777	240548	-3.43
2778	240711	-3.55
2779	240877	-3.85
2780	241048	-4.17
2781	241224	-4.82
2782	241406	-5.23
2783	241596	-5.80
2784	241792	-6.21
2785	241991	-6.10
2786	242187	-5.86
2787	242382	-5.80
2788	242576	-5.74
2789	242770	-5.65
2790	242959	-5.02
2791	243144	-4.93
2792	243330	-5.18
2793	243519	-5.46
2794	243714	-5.93
2795	243916	-6.38
2796	244124	-6.82
2797	244337	-6.94
2798	244551	-7.02
2799	244767	-7.07
2800	244983	-6.97
2801	245196	-6.72
2802	245407	-6.58
2803	245618	-6.71
2804	245834	-7.19
2805	246053	-7.07
2806	246269	-6.86
2807	246485	-6.83
2808	246700	-6.78
2809	246917	-7.07
2810	247135	-6.92
2811	247351	-6.60
2812	247566	-6.78
2813	247785	-7.13
2814	248007	-7.13
2815	248229	-7.10
2816	248453	-7.36
2817	248680	-7.41
2818	248907	-7.24
2819	249128	-6.76
2820	249345	-6.51
2821	249560	-6.48
2822	249772	-6.11
2823	249984	-6.39
2824	250199	-6.52
2825	250413	-6.17
2826	250618	-5.31
2827	250818	-5.29
2828	251021	-5.72
2829	251231	-6.34
2830	251448	-6.48
2831	251666	-6.50
2832	251883	-6.25
2833	252102	-6.79
2834	252329	-7.16
2835	252553	-6.49
2836	252769	-6.01
2837	252986	-6.55
2838	253213	-7.13
2839	253442	-6.93
2840	253670	-6.88
2841	253896	-6.63
2842	254121	-6.75
2843	254345	-6.45
2844	254560	-5.60
2845	254767	-5.14
2846	254972	-5.41
2847	255183	-5.77
2848	255399	-6.16
2849	255620	-6.39
2850	255844	-6.43
2851	256068	-6.36
2852	256294	-6.69
2853	256525	-6.95
2854	256759	-6.93
2855	256994	-7.13
2856	257234	-7.42
2857	257479	-7.58
2858	257726	-7.70
2859	257975	-7.85
2860	258224	-7.50
2861	258471	-7.67
2862	258723	-8.01
2863	258978	-7.98
2864	259235	-8.09
2865	259492	-8.05
2866	259750	-7.99
2867	260009	-8.30
2868	260272	-8.31
2869	260536	-8.26
2870	260801	-8.52
2871	261069	-8.43
2872	261336	-8.43
2873	261602	-8.19
2874	261865	-8.16
2875	262131	-8.42
2876	262399	-8.30
2877	262665	-8.21
2878	262933	-8.42
2879	263201	-8.13
2880	263466	-8.08
2881	263732	-8.30
2882	264004	-8.53
2883	264273	-7.93
2884	264533	-7.52
2885	264792	-7.86
2886	265055	-7.85
2887	265321	-8.13
2888	265595	-8.57
2889	265865	-7.78
2890	266123	-7.18
2891	266380	-7.61
2892	266643	-7.75
2893	266905	-7.54
2894	267167	-7.66
2895	267431	-7.65
2896	267692	-7.28
2897	267946	-6.86
2898	268194	-6.59
2899	268435	-5.96
2900	268677	-6.61
2901	268926	-6.77
2902	269178	-6.84
2903	269429	-6.65
2904	269678	-6.59
2905	269926	-6.47
2906	270169	-5.95
2907	270409	-6.00
2908	270648	-5.80
2909	270883	-5.44
2910	271114	-5.30
2911	271347	-5.65
2912	271584	-5.74
2913	271822	-5.65
2914	272053	-4.80
2915	272276	-4.60
2916	272500	-4.90
2917	272724	-4.65
2918	272946	-4.43
2919	273166	-4.35
2920	273385	-4.33
2921	273605	-4.33
2922	273827	-4.55
2923	274048	-4.10
2924	274263	-3.84
2925	274477	-3.80
2926	274692	-3.95
2927	274909	-3.95
2928	275127	-4.13
2929	275344	-3.73
2930	275559	-3.71
2931	275772	-3.53
2932	275983	-3.38
2933	276195	-3.48
2934	276409	-3.62
2935	276622	-3.35
2936	276830	-2.88
2937	277036	-3.01
2938	277246	-3.33
2939	277460	-3.61
2940	277680	-3.95
2941	277903	-4.00
2942	278130	-4.44
2943	278361	-4.46
2944	278593	-4.44
2945	278825	-4.43
2946	279057	-4.44
2947	279292	-4.67
2948	279533	-5.10
2949	279781	-5.49
2950	280038	-6.17
2951	280303	-6.18
2952	280564	-5.69
2953	280817	-5.30
2954	281071	-5.66
2955	281332	-6.11
2956	281602	-6.50
2957	281875	-6.39
2958	282143	-5.96
2959	282405	-5.67
2960	282661	-5.15
2961	282910	-4.85
2962	283160	-5.22
2963	283417	-5.55
2964	283677	-5.54
2965	283941	-5.95
2966	284218	-6.83
2967	284508	-7.27
2968	284804	-7.30
2969	285102	-7.45
2970	285398	-6.99
2971	285686	-6.57
2972	285968	-6.40
2973	286248	-6.27
2974	286525	-6.10
2975	286802	-6.15
2976	287079	-5.96
2977	287351	-5.62
2978	287617	-5.28
2979	287879	-5.09
2980	288145	-5.68
2981	288418	-5.80
2982	288698	-6.34
2983	288986	-6.50
2984	289271	-6.06
2985	289549	-5.67
2986	289823	-5.56
2987	290100	-6.00
2988	290382	-6.00
2989	290660	-5.39
2990	290929	-5.15
2991	291193	-4.65
2992	291455	-4.93
2993	291721	-5.07
2994	291986	-4.62
2995	292242	-4.13
2996	292490	-3.52
2997	292732	-3.46
2998	292976	-3.67
2999	293232	-4.76
3000	293502	-5.22
3001	293779	-5.34
3002	294060	-5.60
3003	294348	-6.06
3004	294637	-5.56
3005	294919	-5.34
3006	295198	-5.13
3007	295474	-4.96
3008	295749	-4.94
3009	296020	-4.57
3010	296289	-4.53
3011	296562	-5.04
3012	296840	-4.92
3013	297116	-4.81
3014	297393	-4.90
3015	297669	-4.70
3016	297943	-4.57
3017	298215	-4.48
3018	298485	-4.20
3019	298749	-3.81
3020	299012	-4.04
3021	299275	-3.69
3022	299533	-3.45
3023	299788	-3.19
3024	300039	-3.08
3025	300293	-3.26
3026	300547	-3.13
3027	300799	-2.97
3028	301052	-3.17
3029	301305	-2.92
3030	301560	-3.32
3031	301813	-2.52
3032	302061	-2.76
3033	302320	-3.64
3034	302583	-3.19
3035	302834	-2.28
3036	303077	-2.04
3037	303316	-1.74
3038	303558	-2.34
3039	303810	-2.88
3040	304068	-3.03
3041	304333	-3.46
3042	304606	-3.88
3043	304886	-4.13
3044	305171	-4.32
3045	305463	-4.82
3046	305764	-5.14
3047	306073	-5.42
3048	306386	-5.54
3049	306698	-5.14
3050	307005	-5.09
3051	307309	-4.72
3052	307608	-4.58
3053	307908	-4.69
3054	308206	-4.41
3055	308500	-4.09
3056	308789	-3.95
3057	309077	-3.86
3058	309365	-3.83
3059	309651	-3.69
3060	309934	-3.39
3061	310215	-3.32
3062	310493	-3.06
3063	310766	-2.78
3064	311035	-2.54
3065	311302	-2.39
3066	311568	-2.33
3067	311832	-2.22
3068	312099	-2.45
3069	312367	-2.35
3070	312634	-2.29
3071	312899	-1.92
3072	313159	-1.79
3073	313418	-1.61
3074	313674	-1.34
3075	313928	-1.38
3076	314183	-1.36
3077	314438	-1.32
3078	314692	-1.10
3079	314943	-0.99
3080	315194	-0.97
3081	315443	-0.64
3082	315689	-0.48
3083	315934	-0.46
3084	316179	-0.51
3085	316424	-0.18
3086	316666	-0.18
3087	316910	-0.33
3088	317155	-0.20
3089	317401	-0.39
3090	317649	-0.42
3091	317897	-0.14
3092	318141	-0.03
3093	318385	0.02
3094	318628	0.20
3095	318872	0.01
3096	319118	0.02
3097	319364	0.16
3098	319608	0.24
3099	319853	0.15
3100	320102	-0.12
3101	320354	-0.18
3102	320607	-0.09
3103	320856	0.38
3104	321095	1.14
3105	321329	1.26
3106	321559	1.66
3107	321783	2.18
3108	322000	2.65
3109	322214	2.85
3110	322426	2.82
3111	322638	3.19
3112	322847	3.18
3113	323057	3.08
3114	323269	3.08
3115	323482	3.14
3116	323695	2.99
3117	323911	2.84
3118	324129	2.86
3119	324349	2.65
3120	324574	2.34
3121	324804	2.00
3122	325039	1.74
3123	325278	1.59
3124	325527	0.68
3125	325789	0.05
3126	326061	-0.25
3127	326342	-0.96
3128	326639	-1.73
3129	326952	-2.39
3130	327273	-2.41
3131	327597	-2.55
3132	327924	-2.64
3133	328258	-3.03
3134	328602	-3.41
3135	328955	-3.68
3136	329318	-4.21
3137	329694	-4.56
3138	330081	-4.90
3139	330476	-5.11
3140	330883	-5.67
3141	331300	-5.76
3142	331725	-6.06
3143	332164	-6.63
3144	332624	-7.30
3145	333106	-7.86
3146	333602	-8.04
3147	334101	-7.94
3148	334600	-7.93
3149	335100	-7.87
3150	335595	-7.58
3151	336081	-7.28
3152	336567	-7.43
3153	337055	-7.30
3154	337544	-7.42
3155	338033	-7.16
3156	338521	-7.30
3157	339015	-7.40
3158	339505	-6.98
3159	339993	-7.13
3160	340490	-7.44
3161	340984	-6.88
3162	341462	-6.31
3163	341930	-6.26
3164	342401	-6.32
3165	342879	-6.59
3166	343364	-6.64
3167	343853	-6.76
3168	344348	-6.84
3169	344839	-6.43
3170	345327	-6.58
3171	345821	-6.65
3172	346319	-6.76
3173	346823	-6.84
3174	347330	-6.83
3175	347841	-6.92
3176	348357	-7.05
3177	348877	-7.02
3178	349404	-7.32
3179	349945	-7.61
3180	350493	-7.64
3181	351044	-7.64
3182	351596	-7.57
3183	352150	-7.64
3184	352710	-7.77
3185	353273	-7.71
3186	353838	-7.71
3187	354400	-7.46
3188	354958	-7.41
3189	355512	-7.13
3190	356060	-6.94
3191	356612	-7.24
3192	357167	-7.01
3193	357712	-6.58
3194	358247	-6.39
3195	358786	-6.64
3196	359327	-6.41
3197	359855	-5.80
3198	360376	-5.89
3199	360904	-6.05
3200	361440	-6.24
3201	361973	-5.79
3202	362503	-5.90
3203	363042	-6.20
3204	363580	-5.72
3205	364114	-5.84
3206	364659	-6.21
3207	365208	-5.88
3208	365743	-5.40
3209	366267	-5.13
3210	366784	-4.84
3211	367297	-4.86
3212	367816	-4.97
3213	368329	-4.46
3214	368829	-4.03
3215	369331	-4.54
3216	369858	-5.23
3217	370403	-5.42
3218	370960	-5.74
3219	371545	-6.67
3220	372149	-6.58
3221	372746	-6.15
3222	373331	-5.90
3223	373909	-5.66
3224	374478	-5.33
3225	375042	-5.26
3226	375604	-5.08
3227	376155	-4.55
3228	376690	-4.07
3229	377204	-3.27
3230	377702	-2.99
3231	378210	-3.72
3232	378743	-4.29
3233	379297	-4.63
3234	379864	-4.88
3235	380435	-4.68
3236	380997	-4.32
3237	381551	-4.05
3238	382095	-3.72
3239	382622	-2.92
3240	383134	-2.72
3241	383641	-2.50
3242	384159	-3.24
3243	384710	-4.10
3244	385288	-4.54
3245	385894	-5.36
3246	386528	-5.65
3247	387167	-5.46
3248	387804	-5.40
3249	388435	-5.02
3250	389061	-5.07
3251	389700	-5.44
3252	390349	-5.34
3253	390999	-5.36
3254	391658	-5.60
3255	392317	-5.17
3256	392972	-5.31
3257	393636	-5.40
3258	394297	-5.02
3259	394935	-4.23
3260	395543	-3.43
3261	396126	-2.80
3262	396694	-2.54
3263	397253	-2.20
3264	397808	-2.13
3265	398361	-1.92
3266	398909	-1.68
3267	399455	-1.65
3268	400003	-1.64
3269	400553	-1.58
3270	401097	-1.17
3271	401636	-1.09
3272	402179	-1.26
3273	402728	-1.23
3274	403276	-1.01
3275	403815	-0.58
3276	404346	-0.37
3277	404874	-0.28
3278	405401	-0.10
3279	405923	0.18
3280	406441	0.31
3281	406957	0.49
3282	407469	0.71
3283	407977	0.85
3284	408485	0.94
3285	408992	1.12
3286	409496	1.28
3287	409995	1.64
3288	410483	2.13
3289	410979	1.27
3290	411492	1.34
3291	412009	1.23
3292	412533	1.15
3293	413062	1.08
3294	413601	0.80
3295	414147	0.85
3296	414692	1.07
3297	415235	1.16
3298	415781	1.13
3299	416327	1.32
3300	416872	1.36
3301	417419	1.43
3302	417969	1.40
3303	418526	1.27
3304	419095	0.94
3305	419682	0.51
3306	420281	0.54
3307	420888	0.32
3308	421507	0.15
3309	422135	0.08
3310	422766	0.23
