   0.0000000e+00	   4.3089485e-27	
   1.0000000e+00	   1.6038738e+00	
   2.0000000e+00	   1.6761109e+00	
   3.0000000e+00	   3.9998514e-01	
   4.0000000e+00	   1.2769492e-01	
   5.0000000e+00	   6.5163445e-03	
   6.0000000e+00	   1.8665572e-01	
   7.0000000e+00	   1.4709519e-01	
   8.0000000e+00	   1.0090757e+00	
   9.0000000e+00	   8.5960453e-02	
   1.0000000e+01	   1.1408703e+00	
   1.1000000e+01	   1.2658425e-01	
   1.2000000e+01	   4.7441444e-01	
   1.3000000e+01	   1.5466140e+00	
   1.4000000e+01	   3.2498050e+00	
   1.5000000e+01	   5.2332853e+02	
   1.6000000e+01	   3.2528642e+00	
   1.7000000e+01	   2.0982333e-01	
   1.8000000e+01	   1.6551020e+00	
   1.9000000e+01	   5.8311096e-01	
   2.0000000e+01	   1.0257147e+00	
   2.1000000e+01	   7.7115223e-01	
   2.2000000e+01	   8.5458654e-01	
   2.3000000e+01	   6.2631631e-01	
   2.4000000e+01	   1.2036824e-01	
   2.5000000e+01	   5.6346455e-01	
   2.6000000e+01	   3.9456454e-01	
   2.7000000e+01	   2.2862929e-01	
   2.8000000e+01	   5.7789090e-01	
   2.9000000e+01	   6.3281198e-01	
   3.0000000e+01	   8.2761844e+00	
   3.1000000e+01	   2.7322857e-01	
   3.2000000e+01	   2.2025368e-01	
   3.3000000e+01	   3.8108969e-01	
   3.4000000e+01	   6.9586037e-01	
   3.5000000e+01	   3.2150501e-01	
   3.6000000e+01	   2.7398479e-02	
   3.7000000e+01	   3.0783683e-01	
   3.8000000e+01	   1.0805842e-01	
   3.9000000e+01	   5.5790478e-01	
   4.0000000e+01	   1.9256241e-01	
   4.1000000e+01	   2.0802409e-01	
   4.2000000e+01	   2.2154435e-01	
   4.3000000e+01	   2.3838671e-02	
   4.4000000e+01	   5.0681255e-03	
   4.5000000e+01	   6.2633532e-01	
   4.6000000e+01	   1.1008968e+00	
   4.7000000e+01	   1.3300574e-01	
   4.8000000e+01	   3.0055906e-02	
   4.9000000e+01	   2.0602596e+00	
   5.0000000e+01	   3.1225354e-01	
   5.1000000e+01	   7.1565434e-01	
   5.2000000e+01	   9.2428839e-02	
   5.3000000e+01	   1.5101792e-02	
   5.4000000e+01	   5.8754994e-01	
   5.5000000e+01	   3.1363662e-01	
   5.6000000e+01	   2.4417145e-01	
   5.7000000e+01	   6.8125445e-02	
   5.8000000e+01	   9.2681002e-02	
   5.9000000e+01	   4.9499368e-01	
   6.0000000e+01	   5.4867025e-01	
   6.1000000e+01	   3.5740942e-01	
   6.2000000e+01	   7.0640857e-01	
   6.3000000e+01	   2.6231637e-01	
   6.4000000e+01	   3.3795199e-01	
   6.5000000e+01	   1.7278154e-01	
   6.6000000e+01	   3.1884428e-01	
   6.7000000e+01	   2.6151197e-02	
   6.8000000e+01	   3.0972634e-01	
   6.9000000e+01	   2.6898827e-01	
   7.0000000e+01	   2.9070515e-01	
   7.1000000e+01	   8.1091456e-01	
   7.2000000e+01	   3.5784132e-01	
   7.3000000e+01	   1.0622575e+00	
   7.4000000e+01	   2.4899042e-02	
   7.5000000e+01	   5.1364163e-02	
   7.6000000e+01	   4.0283722e-02	
   7.7000000e+01	   2.0701184e-01	
   7.8000000e+01	   9.2772557e-01	
   7.9000000e+01	   3.9030042e-01	
   8.0000000e+01	   2.1462054e+00	
   8.1000000e+01	   1.4507754e-01	
   8.2000000e+01	   8.6800046e-01	
   8.3000000e+01	   8.0006435e-02	
   8.4000000e+01	   2.4803037e-02	
   8.5000000e+01	   1.3963994e-01	
   8.6000000e+01	   2.5914662e-01	
   8.7000000e+01	   1.0548752e-01	
   8.8000000e+01	   2.9572216e-01	
   8.9000000e+01	   9.5860189e-01	
   9.0000000e+01	   4.9550667e-01	
   9.1000000e+01	   1.1537762e+00	
   9.2000000e+01	   4.1519721e-01	
   9.3000000e+01	   7.8727496e-01	
   9.4000000e+01	   1.6494666e-01	
   9.5000000e+01	   7.3757742e-02	
   9.6000000e+01	   3.6121804e-01	
   9.7000000e+01	   1.8191671e-01	
   9.8000000e+01	   9.1478751e-01	
   9.9000000e+01	   2.2454236e-01	
   1.0000000e+02	   1.7646952e-02	
   1.0100000e+02	   6.8120960e-01	
   1.0200000e+02	   1.4136566e-01	
   1.0300000e+02	   1.6061172e-01	
   1.0400000e+02	   1.9670149e-01	
   1.0500000e+02	   6.8303513e-01	
   1.0600000e+02	   1.3310987e-01	
   1.0700000e+02	   4.6394886e-02	
   1.0800000e+02	   3.6823408e-01	
   1.0900000e+02	   3.1128397e-01	
   1.1000000e+02	   4.3418141e-01	
   1.1100000e+02	   2.4879878e-01	
   1.1200000e+02	   2.7058375e-01	
   1.1300000e+02	   9.1326556e-01	
   1.1400000e+02	   1.3161691e-01	
   1.1500000e+02	   3.9781684e-01	
   1.1600000e+02	   1.3323088e+00	
   1.1700000e+02	   1.7305090e-01	
   1.1800000e+02	   6.0613730e-01	
   1.1900000e+02	   1.3413494e-01	
   1.2000000e+02	   7.4164257e-02	
   1.2100000e+02	   2.4954559e-01	
   1.2200000e+02	   8.0721154e-02	
   1.2300000e+02	   3.6777035e-01	
   1.2400000e+02	   1.2981710e-01	
   1.2500000e+02	   4.2943210e-01	
   1.2600000e+02	   1.0140359e-01	
   1.2700000e+02	   2.6140533e-01	
   1.2800000e+02	   2.7187304e-01	
   1.2900000e+02	   4.8649814e-01	
   1.3000000e+02	   2.6233001e-01	
   1.3100000e+02	   1.9720062e-04	
   1.3200000e+02	   5.8012964e-01	
   1.3300000e+02	   3.8388070e-01	
   1.3400000e+02	   4.3559764e-01	
   1.3500000e+02	   2.7392477e-01	
   1.3600000e+02	   8.8023450e-01	
   1.3700000e+02	   7.6201628e-03	
   1.3800000e+02	   4.3476458e-01	
   1.3900000e+02	   3.5492155e-02	
   1.4000000e+02	   6.3723144e-01	
   1.4100000e+02	   1.1910001e-01	
   1.4200000e+02	   2.8200088e-03	
   1.4300000e+02	   2.6774081e-02	
   1.4400000e+02	   9.1848679e-01	
   1.4500000e+02	   1.3251492e+00	
   1.4600000e+02	   4.4734430e-01	
   1.4700000e+02	   2.4039172e-01	
   1.4800000e+02	   6.3157713e-01	
   1.4900000e+02	   3.2671848e-01	
   1.5000000e+02	   2.6904229e-01	
   1.5100000e+02	   2.8242939e-01	
   1.5200000e+02	   8.9664349e-01	
   1.5300000e+02	   2.7001419e-01	
   1.5400000e+02	   2.2668759e-01	
   1.5500000e+02	   1.9650023e-01	
   1.5600000e+02	   5.6482821e-02	
   1.5700000e+02	   1.4917907e-01	
   1.5800000e+02	   1.7507433e-01	
   1.5900000e+02	   1.8572388e-01	
   1.6000000e+02	   7.9546616e-01	
   1.6100000e+02	   3.4500275e-01	
   1.6200000e+02	   1.1624880e-01	
   1.6300000e+02	   1.3447586e+00	
   1.6400000e+02	   4.5262765e-01	
   1.6500000e+02	   4.6928444e-01	
   1.6600000e+02	   7.2868862e-01	
   1.6700000e+02	   5.3873720e-01	
   1.6800000e+02	   1.5461686e-01	
   1.6900000e+02	   1.5174113e-01	
   1.7000000e+02	   5.6605468e-02	
   1.7100000e+02	   6.3620476e-01	
   1.7200000e+02	   6.2301518e-02	
   1.7300000e+02	   1.1498616e-01	
   1.7400000e+02	   6.0746126e-02	
   1.7500000e+02	   7.3053961e-02	
   1.7600000e+02	   5.9102213e-01	
   1.7700000e+02	   2.7696271e-01	
   1.7800000e+02	   1.1585331e+00	
   1.7900000e+02	   5.5380064e-01	
   1.8000000e+02	   5.3874285e-03	
   1.8100000e+02	   2.6724404e-01	
   1.8200000e+02	   7.3006122e-02	
   1.8300000e+02	   6.0654779e-01	
   1.8400000e+02	   2.4311229e-01	
   1.8500000e+02	   1.7291338e+00	
   1.8600000e+02	   1.5716560e+00	
   1.8700000e+02	   2.0071537e-01	
   1.8800000e+02	   4.0817538e-01	
   1.8900000e+02	   3.0885274e-01	
   1.9000000e+02	   2.1769775e-02	
   1.9100000e+02	   5.5847059e-02	
   1.9200000e+02	   3.8695987e-02	
   1.9300000e+02	   6.3790730e-02	
   1.9400000e+02	   9.8270189e-01	
   1.9500000e+02	   5.5611160e-01	
   1.9600000e+02	   3.0736273e-01	
   1.9700000e+02	   1.5035472e-02	
   1.9800000e+02	   1.6511748e-01	
   1.9900000e+02	   9.3387338e-02	
   2.0000000e+02	   3.2078954e-01	
   2.0100000e+02	   1.7760183e+00	
   2.0200000e+02	   3.5163052e-01	
   2.0300000e+02	   5.9402427e-01	
   2.0400000e+02	   4.3742269e-01	
   2.0500000e+02	   2.3193335e-01	
   2.0600000e+02	   3.7870038e-01	
   2.0700000e+02	   1.6782453e-01	
   2.0800000e+02	   1.4599428e-01	
   2.0900000e+02	   1.7983317e-01	
   2.1000000e+02	   4.5197983e-02	
   2.1100000e+02	   1.3920370e-01	
   2.1200000e+02	   6.5417515e-02	
   2.1300000e+02	   2.8936497e-01	
   2.1400000e+02	   3.4704233e-01	
   2.1500000e+02	   1.8476981e-01	
   2.1600000e+02	   2.2217489e-01	
   2.1700000e+02	   3.3381045e-01	
   2.1800000e+02	   3.4164669e-02	
   2.1900000e+02	   2.4828004e-01	
   2.2000000e+02	   1.1727885e-02	
   2.2100000e+02	   2.3790370e-02	
   2.2200000e+02	   1.5828759e-01	
   2.2300000e+02	   3.8292188e-01	
   2.2400000e+02	   3.1737061e-02	
   2.2500000e+02	   2.0576270e-01	
   2.2600000e+02	   4.4882999e-01	
   2.2700000e+02	   5.4505806e-04	
   2.2800000e+02	   1.8735411e-01	
   2.2900000e+02	   1.5784319e-01	
   2.3000000e+02	   4.1908746e-01	
   2.3100000e+02	   3.5610316e-01	
   2.3200000e+02	   2.8227526e-02	
   2.3300000e+02	   9.2465200e-03	
   2.3400000e+02	   5.5144150e-01	
   2.3500000e+02	   4.8942829e-02	
   2.3600000e+02	   2.0146373e-02	
   2.3700000e+02	   1.9656987e-01	
   2.3800000e+02	   4.8765624e-01	
   2.3900000e+02	   2.2591832e-01	
   2.4000000e+02	   6.0758904e-02	
   2.4100000e+02	   1.7983670e-01	
   2.4200000e+02	   3.9293597e-01	
   2.4300000e+02	   2.2665983e-01	
   2.4400000e+02	   7.8105263e-01	
   2.4500000e+02	   3.2825289e-01	
   2.4600000e+02	   2.3890304e-02	
   2.4700000e+02	   4.4058076e-01	
   2.4800000e+02	   1.0007321e-01	
   2.4900000e+02	   4.4553554e-01	
   2.5000000e+02	   7.1841925e-01	
   2.5100000e+02	   9.2534764e-02	
   2.5200000e+02	   3.0986175e-01	
   2.5300000e+02	   4.2690564e-01	
   2.5400000e+02	   2.1971417e-01	
   2.5500000e+02	   4.9074945e-02	
   2.5600000e+02	   3.0788868e-01	
   2.5700000e+02	   2.0220477e-01	
   2.5800000e+02	   6.2902145e-01	
   2.5900000e+02	   6.8917939e-01	
   2.6000000e+02	   1.1521345e-01	
   2.6100000e+02	   2.8588118e-01	
   2.6200000e+02	   2.3091808e-01	
   2.6300000e+02	   3.4840894e-02	
   2.6400000e+02	   9.2964269e-01	
   2.6500000e+02	   1.9498315e-01	
   2.6600000e+02	   1.9303229e-01	
   2.6700000e+02	   1.3817191e-02	
   2.6800000e+02	   3.0718612e-01	
   2.6900000e+02	   8.9679622e-02	
   2.7000000e+02	   1.9740976e-01	
   2.7100000e+02	   4.0378750e-01	
   2.7200000e+02	   3.2776654e-02	
   2.7300000e+02	   7.2560468e-01	
   2.7400000e+02	   3.0975172e-01	
   2.7500000e+02	   1.9844643e-01	
   2.7600000e+02	   3.7327837e-02	
   2.7700000e+02	   1.0823749e-01	
   2.7800000e+02	   8.0172080e-02	
   2.7900000e+02	   1.4726024e-01	
   2.8000000e+02	   9.5053512e-02	
   2.8100000e+02	   6.7010579e-03	
   2.8200000e+02	   5.3111594e-01	
   2.8300000e+02	   9.0262372e-01	
   2.8400000e+02	   1.1744338e-01	
   2.8500000e+02	   2.5079815e-01	
   2.8600000e+02	   1.8535708e-01	
   2.8700000e+02	   5.8462552e-02	
   2.8800000e+02	   2.3923075e-01	
   2.8900000e+02	   4.7749071e-02	
   2.9000000e+02	   6.9611780e-01	
   2.9100000e+02	   2.2704705e-02	
   2.9200000e+02	   1.6552529e-01	
   2.9300000e+02	   4.6437539e-02	
   2.9400000e+02	   2.4292474e-01	
   2.9500000e+02	   3.0827010e-01	
   2.9600000e+02	   5.0943005e-01	
   2.9700000e+02	   3.5523961e-01	
   2.9800000e+02	   1.0985061e-02	
   2.9900000e+02	   8.2378478e-02	
   3.0000000e+02	   3.9651309e-01	
   3.0100000e+02	   3.4874930e-02	
   3.0200000e+02	   2.5417408e-01	
   3.0300000e+02	   1.0170778e-02	
   3.0400000e+02	   6.1588360e-01	
   3.0500000e+02	   1.8720654e-01	
   3.0600000e+02	   2.1998881e-01	
   3.0700000e+02	   1.1237086e-01	
   3.0800000e+02	   7.7040429e-02	
   3.0900000e+02	   4.8959268e-02	
   3.1000000e+02	   5.8998450e-02	
   3.1100000e+02	   5.0163299e-02	
   3.1200000e+02	   1.4692209e-01	
   3.1300000e+02	   1.1563415e-01	
   3.1400000e+02	   9.0756307e-02	
   3.1500000e+02	   1.4597287e-01	
   3.1600000e+02	   3.5452958e-02	
   3.1700000e+02	   2.9205870e-01	
   3.1800000e+02	   2.7877106e-01	
   3.1900000e+02	   4.3547739e-02	
   3.2000000e+02	   4.5447176e-02	
   3.2100000e+02	   1.7119140e-02	
   3.2200000e+02	   5.0029322e-01	
   3.2300000e+02	   1.5584011e-01	
   3.2400000e+02	   3.9122799e-01	
   3.2500000e+02	   1.7416726e-01	
   3.2600000e+02	   2.5320504e-01	
   3.2700000e+02	   9.4004231e-02	
   3.2800000e+02	   5.2238003e-02	
   3.2900000e+02	   6.7924156e-02	
   3.3000000e+02	   1.1093726e-01	
   3.3100000e+02	   2.2524436e-01	
   3.3200000e+02	   1.2474505e-01	
   3.3300000e+02	   7.8788109e-02	
   3.3400000e+02	   8.4347549e-01	
   3.3500000e+02	   2.0741500e-01	
   3.3600000e+02	   1.4685012e-02	
   3.3700000e+02	   6.8727209e-02	
   3.3800000e+02	   1.9011890e-03	
   3.3900000e+02	   5.0052815e-02	
   3.4000000e+02	   1.3759516e-02	
   3.4100000e+02	   8.5175178e-02	
   3.4200000e+02	   7.4559460e-01	
   3.4300000e+02	   4.5787753e-01	
   3.4400000e+02	   1.6597987e-01	
   3.4500000e+02	   4.8788249e-01	
   3.4600000e+02	   3.7784742e-01	
   3.4700000e+02	   4.8815626e-02	
   3.4800000e+02	   5.9306183e-02	
   3.4900000e+02	   5.4158472e-01	
   3.5000000e+02	   1.6942572e-02	
   3.5100000e+02	   2.1211791e-01	
   3.5200000e+02	   3.7062247e-02	
   3.5300000e+02	   1.9247918e-01	
   3.5400000e+02	   3.7234836e-01	
   3.5500000e+02	   2.3905934e-01	
   3.5600000e+02	   5.0707968e-04	
   3.5700000e+02	   2.4378851e-01	
   3.5800000e+02	   3.9552193e-01	
   3.5900000e+02	   5.6728769e-01	
   3.6000000e+02	   7.3202434e-02	
   3.6100000e+02	   2.7979867e-03	
   3.6200000e+02	   1.1503720e-02	
   3.6300000e+02	   2.5067219e-01	
   3.6400000e+02	   6.9907900e-01	
   3.6500000e+02	   8.2583409e-02	
   3.6600000e+02	   4.1941131e-01	
   3.6700000e+02	   3.1783895e-02	
   3.6800000e+02	   9.7248633e-01	
   3.6900000e+02	   1.4043412e-01	
   3.7000000e+02	   3.0912138e-01	
   3.7100000e+02	   2.3599379e-02	
   3.7200000e+02	   4.0867024e-01	
   3.7300000e+02	   1.0447564e-01	
   3.7400000e+02	   3.3855673e-02	
   3.7500000e+02	   2.2827413e-01	
   3.7600000e+02	   1.4294199e-02	
   3.7700000e+02	   1.2765138e-01	
   3.7800000e+02	   6.5271982e-01	
   3.7900000e+02	   4.2874819e-01	
   3.8000000e+02	   5.7116400e-01	
   3.8100000e+02	   1.5531917e-01	
   3.8200000e+02	   1.0108972e-01	
   3.8300000e+02	   2.4549711e-01	
   3.8400000e+02	   6.2053949e-01	
   3.8500000e+02	   3.2738133e-01	
   3.8600000e+02	   1.3081709e-01	
   3.8700000e+02	   7.1449719e-02	
   3.8800000e+02	   1.3118912e-01	
   3.8900000e+02	   8.3396746e-02	
   3.9000000e+02	   8.1456910e-02	
   3.9100000e+02	   1.5437024e-01	
   3.9200000e+02	   9.7918920e-02	
   3.9300000e+02	   1.8049377e-01	
   3.9400000e+02	   1.7241832e-02	
   3.9500000e+02	   6.8566722e-01	
   3.9600000e+02	   1.3114997e-02	
   3.9700000e+02	   2.1471707e-02	
   3.9800000e+02	   8.2320577e-02	
   3.9900000e+02	   1.9626302e-01	
   4.0000000e+02	   9.0286505e-02	
   4.0100000e+02	   3.1310083e-01	
   4.0200000e+02	   3.6358729e-01	
   4.0300000e+02	   4.7923922e-02	
   4.0400000e+02	   1.2743603e-01	
   4.0500000e+02	   2.5230390e-02	
   4.0600000e+02	   7.5608354e-02	
   4.0700000e+02	   5.9657027e-02	
   4.0800000e+02	   1.5112541e-01	
   4.0900000e+02	   5.7963686e-02	
   4.1000000e+02	   1.1295252e-02	
   4.1100000e+02	   1.2753667e-01	
   4.1200000e+02	   6.1803431e-01	
   4.1300000e+02	   1.9377075e-01	
   4.1400000e+02	   1.1325508e-01	
   4.1500000e+02	   5.1244138e-01	
   4.1600000e+02	   8.4217258e-02	
   4.1700000e+02	   2.6597241e-02	
   4.1800000e+02	   1.7754213e-01	
   4.1900000e+02	   3.8460631e-01	
   4.2000000e+02	   4.7583779e-02	
   4.2100000e+02	   7.8977726e-02	
   4.2200000e+02	   8.1985762e-01	
   4.2300000e+02	   1.8280942e-03	
   4.2400000e+02	   4.1050699e-01	
   4.2500000e+02	   4.5506920e-02	
   4.2600000e+02	   1.0366934e-01	
   4.2700000e+02	   6.4395286e-01	
   4.2800000e+02	   4.6944511e-02	
   4.2900000e+02	   2.6303031e-01	
   4.3000000e+02	   9.9439968e-02	
   4.3100000e+02	   2.1658153e-02	
   4.3200000e+02	   2.2317634e-02	
   4.3300000e+02	   7.4903512e-03	
   4.3400000e+02	   3.4491986e-02	
   4.3500000e+02	   1.6063711e-01	
   4.3600000e+02	   1.5051345e-01	
   4.3700000e+02	   4.2647850e-01	
   4.3800000e+02	   1.6714709e-01	
   4.3900000e+02	   1.0383237e-01	
   4.4000000e+02	   1.1788982e-01	
   4.4100000e+02	   1.5547299e-01	
   4.4200000e+02	   1.0216203e-01	
   4.4300000e+02	   1.2091322e-02	
   4.4400000e+02	   5.6550723e-01	
   4.4500000e+02	   3.3655754e-01	
   4.4600000e+02	   2.2782619e-02	
   4.4700000e+02	   1.1234405e-01	
   4.4800000e+02	   8.4409174e-04	
   4.4900000e+02	   7.2686201e-03	
   4.5000000e+02	   1.6380409e-01	
   4.5100000e+02	   8.1587993e-02	
   4.5200000e+02	   1.7820694e-02	
   4.5300000e+02	   1.6922505e-01	
   4.5400000e+02	   3.9981161e-01	
   4.5500000e+02	   1.1079035e-02	
   4.5600000e+02	   1.3379743e-01	
   4.5700000e+02	   7.7435725e-02	
   4.5800000e+02	   1.3554882e-01	
   4.5900000e+02	   5.9522810e-02	
   4.6000000e+02	   2.7301667e-01	
   4.6100000e+02	   7.3183564e-02	
   4.6200000e+02	   3.0804276e-01	
   4.6300000e+02	   1.1308468e-01	
   4.6400000e+02	   1.4004721e-01	
   4.6500000e+02	   3.1384607e-02	
   4.6600000e+02	   2.2731451e-01	
   4.6700000e+02	   3.2331915e-02	
   4.6800000e+02	   1.8436213e-03	
   4.6900000e+02	   1.3081277e-01	
   4.7000000e+02	   8.1966152e-03	
   4.7100000e+02	   3.9868545e-01	
   4.7200000e+02	   6.0603761e-01	
   4.7300000e+02	   3.3093149e-03	
   4.7400000e+02	   1.9476808e-01	
   4.7500000e+02	   5.2113095e-01	
   4.7600000e+02	   5.3401322e-03	
   4.7700000e+02	   5.3644873e-02	
   4.7800000e+02	   2.2365885e-01	
   4.7900000e+02	   3.0809569e-01	
   4.8000000e+02	   3.4413858e-02	
   4.8100000e+02	   4.4311703e-01	
   4.8200000e+02	   3.2577020e-02	
   4.8300000e+02	   9.6214206e-02	
   4.8400000e+02	   2.8461888e-02	
   4.8500000e+02	   3.6430694e-02	
   4.8600000e+02	   6.8626552e-01	
   4.8700000e+02	   1.5017327e-02	
   4.8800000e+02	   1.7843301e-02	
   4.8900000e+02	   7.3969255e-02	
   4.9000000e+02	   2.1902614e-01	
   4.9100000e+02	   2.1789095e-01	
   4.9200000e+02	   1.0597044e-01	
   4.9300000e+02	   4.2903898e-02	
   4.9400000e+02	   1.6140009e-01	
   4.9500000e+02	   8.8699436e-02	
   4.9600000e+02	   5.2402132e-02	
   4.9700000e+02	   4.7365843e-02	
   4.9800000e+02	   8.4553344e-02	
   4.9900000e+02	   3.3601720e-01	
   5.0000000e+02	   1.2084950e-01	
   5.0100000e+02	   1.3946610e-01	
   5.0200000e+02	   9.8190160e-02	
   5.0300000e+02	   2.7070303e-02	
   5.0400000e+02	   1.0131275e-01	
   5.0500000e+02	   1.5114498e-01	
   5.0600000e+02	   1.3150016e-02	
   5.0700000e+02	   1.2956644e-02	
   5.0800000e+02	   8.3981508e-03	
   5.0900000e+02	   2.4301523e-01	
   5.1000000e+02	   2.3659414e-01	
   5.1100000e+02	   3.9996499e-02	
   5.1200000e+02	   3.9253559e-01	
   5.1300000e+02	   1.5155220e-02	
   5.1400000e+02	   1.0308119e-01	
   5.1500000e+02	   5.0324795e-02	
   5.1600000e+02	   1.0686454e-01	
   5.1700000e+02	   4.6499041e-02	
   5.1800000e+02	   1.5374395e-01	
   5.1900000e+02	   6.0788102e-02	
   5.2000000e+02	   4.1120499e-02	
   5.2100000e+02	   1.3739378e-01	
   5.2200000e+02	   3.2766857e-02	
   5.2300000e+02	   8.9618855e-03	
   5.2400000e+02	   2.3668915e-01	
   5.2500000e+02	   5.7318126e-01	
   5.2600000e+02	   4.3612912e-02	
   5.2700000e+02	   5.0858701e-01	
   5.2800000e+02	   3.0164169e-02	
   5.2900000e+02	   2.7717759e-02	
   5.3000000e+02	   1.6651676e-01	
   5.3100000e+02	   8.5731097e-02	
   5.3200000e+02	   2.8206911e-01	
   5.3300000e+02	   2.3595328e-01	
   5.3400000e+02	   4.3323463e-01	
   5.3500000e+02	   2.3650140e-01	
   5.3600000e+02	   8.7472152e-05	
   5.3700000e+02	   1.0184741e-01	
   5.3800000e+02	   2.3330962e-02	
   5.3900000e+02	   2.8218159e-02	
   5.4000000e+02	   3.8630250e-02	
   5.4100000e+02	   4.8395140e-02	
   5.4200000e+02	   1.0695827e-01	
   5.4300000e+02	   4.0799215e-02	
   5.4400000e+02	   3.4107005e-03	
   5.4500000e+02	   1.7544786e-01	
   5.4600000e+02	   2.1812187e-02	
   5.4700000e+02	   2.6101990e-01	
   5.4800000e+02	   5.4339853e-02	
   5.4900000e+02	   2.1266611e-02	
   5.5000000e+02	   1.1630147e-01	
   5.5100000e+02	   8.8771247e-02	
   5.5200000e+02	   1.9858055e-02	
   5.5300000e+02	   4.2332876e-02	
   5.5400000e+02	   8.3655520e-02	
   5.5500000e+02	   3.5202227e-02	
   5.5600000e+02	   1.1257584e-01	
   5.5700000e+02	   1.6269658e-01	
   5.5800000e+02	   7.0329668e-02	
   5.5900000e+02	   1.1659108e-02	
   5.6000000e+02	   3.0125946e-01	
   5.6100000e+02	   9.9326296e-02	
   5.6200000e+02	   3.9897109e-01	
   5.6300000e+02	   1.1009260e-01	
   5.6400000e+02	   3.3003874e-01	
   5.6500000e+02	   4.7214100e-02	
   5.6600000e+02	   5.5451293e-03	
   5.6700000e+02	   9.4428715e-02	
   5.6800000e+02	   8.3857197e-03	
   5.6900000e+02	   1.1601062e-01	
   5.7000000e+02	   1.7622405e-01	
   5.7100000e+02	   9.6913790e-02	
   5.7200000e+02	   3.0536758e-02	
   5.7300000e+02	   7.0440801e-02	
   5.7400000e+02	   2.7633471e-01	
   5.7500000e+02	   1.2901042e-01	
   5.7600000e+02	   1.2714110e-01	
   5.7700000e+02	   2.2291903e-02	
   5.7800000e+02	   1.3325188e-01	
   5.7900000e+02	   3.7279614e-01	
   5.8000000e+02	   4.0788182e-02	
   5.8100000e+02	   1.1477113e-01	
   5.8200000e+02	   4.7758051e-02	
   5.8300000e+02	   1.8106446e-01	
   5.8400000e+02	   1.4423622e-01	
   5.8500000e+02	   1.7382950e-03	
   5.8600000e+02	   1.2350999e-01	
   5.8700000e+02	   5.4499781e-02	
   5.8800000e+02	   4.9779846e-02	
   5.8900000e+02	   1.9116315e-01	
   5.9000000e+02	   1.4403247e-02	
   5.9100000e+02	   5.7580403e-02	
   5.9200000e+02	   6.9809451e-02	
   5.9300000e+02	   2.6333456e-02	
   5.9400000e+02	   2.5202465e-01	
   5.9500000e+02	   3.6442056e-01	
   5.9600000e+02	   1.3549451e-02	
   5.9700000e+02	   5.9063847e-02	
   5.9800000e+02	   4.7874397e-02	
   5.9900000e+02	   1.0187768e-01	
   6.0000000e+02	   2.3153019e-02	
   6.0100000e+02	   2.0615017e-01	
   6.0200000e+02	   5.9402721e-02	
   6.0300000e+02	   1.4989678e-01	
   6.0400000e+02	   7.0849305e-02	
   6.0500000e+02	   1.0876907e-01	
   6.0600000e+02	   2.0638729e-01	
   6.0700000e+02	   6.3052540e-03	
   6.0800000e+02	   9.4379391e-02	
   6.0900000e+02	   5.8319295e-02	
   6.1000000e+02	   2.4129711e-02	
   6.1100000e+02	   2.7110682e-02	
   6.1200000e+02	   1.2524313e-01	
   6.1300000e+02	   1.7341402e-01	
   6.1400000e+02	   5.4836519e-02	
   6.1500000e+02	   2.5507129e-01	
   6.1600000e+02	   5.7037364e-02	
   6.1700000e+02	   1.5763635e-02	
   6.1800000e+02	   4.5827994e-02	
   6.1900000e+02	   5.3840938e-02	
   6.2000000e+02	   1.0319874e-02	
   6.2100000e+02	   2.4897131e-01	
   6.2200000e+02	   8.5819318e-02	
   6.2300000e+02	   9.4249373e-02	
   6.2400000e+02	   8.0931362e-02	
   6.2500000e+02	   5.5589059e-02	
   6.2600000e+02	   1.7515944e-01	
   6.2700000e+02	   3.4891892e-02	
   6.2800000e+02	   4.2724508e-01	
   6.2900000e+02	   2.1918595e-02	
   6.3000000e+02	   5.5554587e-02	
   6.3100000e+02	   2.5533650e-02	
   6.3200000e+02	   3.0137796e-02	
   6.3300000e+02	   1.5913302e-02	
   6.3400000e+02	   1.2084930e-01	
   6.3500000e+02	   2.2306405e-01	
   6.3600000e+02	   4.7592316e-02	
   6.3700000e+02	   2.7721962e-02	
   6.3800000e+02	   1.3935343e-02	
   6.3900000e+02	   1.2434304e-01	
   6.4000000e+02	   1.2640508e-01	
   6.4100000e+02	   1.2213319e-01	
   6.4200000e+02	   6.2585139e-02	
   6.4300000e+02	   2.2520268e-02	
   6.4400000e+02	   1.1651338e-01	
   6.4500000e+02	   6.4195151e-02	
   6.4600000e+02	   1.9215114e-01	
   6.4700000e+02	   1.2004490e-01	
   6.4800000e+02	   9.0664271e-02	
   6.4900000e+02	   3.6963043e-02	
   6.5000000e+02	   3.4269592e-02	
   6.5100000e+02	   1.5963391e-01	
   6.5200000e+02	   7.3184400e-02	
   6.5300000e+02	   1.9650668e-01	
   6.5400000e+02	   2.5554632e-02	
   6.5500000e+02	   2.3299409e-01	
   6.5600000e+02	   2.7756137e-02	
   6.5700000e+02	   9.9074296e-02	
   6.5800000e+02	   1.4204949e-01	
   6.5900000e+02	   7.8097239e-03	
   6.6000000e+02	   2.2754401e-02	
   6.6100000e+02	   8.7963915e-02	
   6.6200000e+02	   4.1966702e-02	
   6.6300000e+02	   3.2415984e-02	
   6.6400000e+02	   8.9241998e-02	
   6.6500000e+02	   1.4375109e-02	
   6.6600000e+02	   1.2891735e-01	
   6.6700000e+02	   6.2832611e-02	
   6.6800000e+02	   1.4010866e-01	
   6.6900000e+02	   3.3594668e-02	
   6.7000000e+02	   9.8520228e-03	
   6.7100000e+02	   1.5811294e-01	
   6.7200000e+02	   1.5881872e-02	
   6.7300000e+02	   7.7091431e-02	
   6.7400000e+02	   9.9727043e-02	
   6.7500000e+02	   5.6996013e-02	
   6.7600000e+02	   1.6116366e-01	
   6.7700000e+02	   4.8593894e-02	
   6.7800000e+02	   1.7291674e-03	
   6.7900000e+02	   3.3006764e-02	
   6.8000000e+02	   1.2770442e-02	
   6.8100000e+02	   2.8062947e-02	
   6.8200000e+02	   1.0410928e-01	
   6.8300000e+02	   1.0657050e-02	
   6.8400000e+02	   9.3335589e-02	
   6.8500000e+02	   6.6677108e-02	
   6.8600000e+02	   2.7606014e-01	
   6.8700000e+02	   1.0304174e-01	
   6.8800000e+02	   2.7616236e-01	
   6.8900000e+02	   4.0462780e-02	
   6.9000000e+02	   6.5491883e-02	
   6.9100000e+02	   8.0513755e-03	
   6.9200000e+02	   4.4897616e-02	
   6.9300000e+02	   1.3864789e-03	
   6.9400000e+02	   1.1877212e-01	
   6.9500000e+02	   8.5992768e-02	
   6.9600000e+02	   2.6009511e-02	
   6.9700000e+02	   1.1995757e-01	
   6.9800000e+02	   4.6011698e-02	
   6.9900000e+02	   2.6759230e-02	
   7.0000000e+02	   1.5179970e-01	
   7.0100000e+02	   3.2895739e-02	
   7.0200000e+02	   4.9684884e-01	
   7.0300000e+02	   1.5236757e-02	
   7.0400000e+02	   7.8476995e-02	
   7.0500000e+02	   1.3958498e-01	
   7.0600000e+02	   1.1932287e-02	
   7.0700000e+02	   4.9612241e-02	
   7.0800000e+02	   2.8998602e-01	
   7.0900000e+02	   1.9027247e-01	
   7.1000000e+02	   4.4234099e-03	
   7.1100000e+02	   4.2563636e-02	
   7.1200000e+02	   1.5416485e-01	
   7.1300000e+02	   6.3045124e-02	
   7.1400000e+02	   5.3059878e-02	
   7.1500000e+02	   1.8671390e-01	
   7.1600000e+02	   6.6242623e-02	
   7.1700000e+02	   3.8025066e-02	
   7.1800000e+02	   1.7169610e-01	
   7.1900000e+02	   1.2358393e-01	
   7.2000000e+02	   5.0746493e-02	
   7.2100000e+02	   5.1814442e-02	
   7.2200000e+02	   1.7193654e-01	
   7.2300000e+02	   8.2225338e-02	
   7.2400000e+02	   3.5394607e-01	
   7.2500000e+02	   1.4392918e-01	
   7.2600000e+02	   2.1550899e-02	
   7.2700000e+02	   8.4299495e-02	
   7.2800000e+02	   2.7002246e-02	
   7.2900000e+02	   2.2004954e-02	
   7.3000000e+02	   4.8329859e-02	
   7.3100000e+02	   8.4348908e-02	
   7.3200000e+02	   2.2565022e-02	
   7.3300000e+02	   3.2503055e-02	
   7.3400000e+02	   4.4575707e-02	
   7.3500000e+02	   1.3759325e-02	
   7.3600000e+02	   1.8169960e-02	
   7.3700000e+02	   3.4144098e-02	
   7.3800000e+02	   6.0285163e-02	
   7.3900000e+02	   1.1134449e-02	
   7.4000000e+02	   5.1006016e-02	
   7.4100000e+02	   1.9514917e-01	
   7.4200000e+02	   2.6275843e-02	
   7.4300000e+02	   8.9353870e-02	
   7.4400000e+02	   1.5178375e-01	
   7.4500000e+02	   1.0778103e-01	
   7.4600000e+02	   1.6448799e-01	
   7.4700000e+02	   1.8582571e-01	
   7.4800000e+02	   1.5402225e-01	
   7.4900000e+02	   7.9671118e-02	
   7.5000000e+02	   1.0006891e-02	
   7.5100000e+02	   7.7560109e-03	
   7.5200000e+02	   3.6853945e-02	
   7.5300000e+02	   3.7129505e-02	
   7.5400000e+02	   9.9482715e-04	
   7.5500000e+02	   5.2004951e-02	
   7.5600000e+02	   1.7918813e-02	
   7.5700000e+02	   2.7096115e-02	
   7.5800000e+02	   9.2116092e-02	
   7.5900000e+02	   3.0835075e-02	
   7.6000000e+02	   1.5154327e-01	
   7.6100000e+02	   2.2043538e-02	
   7.6200000e+02	   2.1441894e-02	
   7.6300000e+02	   8.0860297e-03	
   7.6400000e+02	   8.8198265e-02	
   7.6500000e+02	   5.7449529e-02	
   7.6600000e+02	   1.3972508e-01	
   7.6700000e+02	   2.3064826e-01	
   7.6800000e+02	   7.0125575e-02	
   7.6900000e+02	   4.3506437e-02	
   7.7000000e+02	   8.8444556e-02	
   7.7100000e+02	   5.6265190e-03	
   7.7200000e+02	   6.7275809e-03	
   7.7300000e+02	   7.2283656e-02	
   7.7400000e+02	   1.5534477e-02	
   7.7500000e+02	   7.7554522e-03	
   7.7600000e+02	   3.4296859e-02	
   7.7700000e+02	   1.1067250e-01	
   7.7800000e+02	   9.9886276e-03	
   7.7900000e+02	   1.8060093e-02	
   7.8000000e+02	   4.3221359e-02	
   7.8100000e+02	   1.3081207e-01	
   7.8200000e+02	   6.5176264e-02	
   7.8300000e+02	   5.4240470e-03	
   7.8400000e+02	   8.0068103e-02	
   7.8500000e+02	   6.5177849e-02	
   7.8600000e+02	   1.1523686e-02	
   7.8700000e+02	   1.1842141e-01	
   7.8800000e+02	   1.3490839e-01	
   7.8900000e+02	   6.7271447e-02	
   7.9000000e+02	   1.6998107e-02	
   7.9100000e+02	   1.2389439e-02	
   7.9200000e+02	   8.7925780e-02	
   7.9300000e+02	   1.5349131e-01	
   7.9400000e+02	   1.1752806e-02	
   7.9500000e+02	   4.9619574e-03	
   7.9600000e+02	   2.5929482e-02	
   7.9700000e+02	   3.4399985e-03	
   7.9800000e+02	   3.7212652e-03	
   7.9900000e+02	   4.1137505e-02	
   8.0000000e+02	   7.2503146e-02	
   8.0100000e+02	   9.9817274e-02	
   8.0200000e+02	   9.1388809e-02	
   8.0300000e+02	   3.2457448e-01	
   8.0400000e+02	   9.3068863e-03	
   8.0500000e+02	   3.5286312e-01	
   8.0600000e+02	   1.0624852e-01	
   8.0700000e+02	   2.4536155e-02	
   8.0800000e+02	   6.0974067e-02	
   8.0900000e+02	   4.7436038e-02	
   8.1000000e+02	   5.1567380e-02	
   8.1100000e+02	   2.4894007e-02	
   8.1200000e+02	   1.6758127e-01	
   8.1300000e+02	   1.3338247e-01	
   8.1400000e+02	   4.7184373e-02	
   8.1500000e+02	   1.0531406e-01	
   8.1600000e+02	   1.6629414e-01	
   8.1700000e+02	   2.1009940e-01	
   8.1800000e+02	   2.9312333e-02	
   8.1900000e+02	   7.0684565e-03	
   8.2000000e+02	   1.5826626e-01	
   8.2100000e+02	   1.0661130e-01	
   8.2200000e+02	   1.6871906e-02	
   8.2300000e+02	   1.6381451e-01	
   8.2400000e+02	   2.5067450e-02	
   8.2500000e+02	   3.1045304e-02	
   8.2600000e+02	   4.5782355e-02	
   8.2700000e+02	   4.6892089e-02	
   8.2800000e+02	   2.8164313e-03	
   8.2900000e+02	   7.3679262e-02	
   8.3000000e+02	   5.0808422e-02	
   8.3100000e+02	   3.2741104e-02	
   8.3200000e+02	   1.1369826e-01	
   8.3300000e+02	   2.0480795e-02	
   8.3400000e+02	   2.0616967e-01	
   8.3500000e+02	   1.0788746e-02	
   8.3600000e+02	   2.3091029e-02	
   8.3700000e+02	   2.5307322e-01	
   8.3800000e+02	   1.8400271e-01	
   8.3900000e+02	   1.0882373e-01	
   8.4000000e+02	   1.9670260e-02	
   8.4100000e+02	   1.1311123e-01	
   8.4200000e+02	   2.0493021e-02	
   8.4300000e+02	   1.0491487e-01	
   8.4400000e+02	   3.6378480e-02	
   8.4500000e+02	   4.7261367e-02	
   8.4600000e+02	   4.3791395e-02	
   8.4700000e+02	   5.7802738e-02	
   8.4800000e+02	   1.2734157e-01	
   8.4900000e+02	   1.8299628e-02	
   8.5000000e+02	   6.2556831e-02	
   8.5100000e+02	   2.0189048e-03	
   8.5200000e+02	   1.4203226e-01	
   8.5300000e+02	   1.2899509e-02	
   8.5400000e+02	   2.5334704e-02	
   8.5500000e+02	   8.2720281e-02	
   8.5600000e+02	   4.2192602e-03	
   8.5700000e+02	   3.6612112e-02	
   8.5800000e+02	   3.6269439e-02	
   8.5900000e+02	   2.2749641e-02	
   8.6000000e+02	   1.4146697e-01	
   8.6100000e+02	   2.7812048e-03	
   8.6200000e+02	   3.5036382e-02	
   8.6300000e+02	   4.5284498e-02	
   8.6400000e+02	   6.9442382e-02	
   8.6500000e+02	   1.6180257e-02	
   8.6600000e+02	   3.1190629e-02	
   8.6700000e+02	   6.8638746e-02	
   8.6800000e+02	   1.5855776e-01	
   8.6900000e+02	   1.6429703e-01	
   8.7000000e+02	   7.3416420e-02	
   8.7100000e+02	   5.1692420e-02	
   8.7200000e+02	   2.7917529e-02	
   8.7300000e+02	   1.0944085e-01	
   8.7400000e+02	   2.5189113e-02	
   8.7500000e+02	   4.8039141e-02	
   8.7600000e+02	   1.8788985e-02	
   8.7700000e+02	   5.7438374e-02	
   8.7800000e+02	   2.5280981e-02	
   8.7900000e+02	   1.9936308e-02	
   8.8000000e+02	   8.2010019e-02	
   8.8100000e+02	   2.2402277e-01	
   8.8200000e+02	   1.6310025e-02	
   8.8300000e+02	   1.7670098e-03	
   8.8400000e+02	   5.1482477e-02	
   8.8500000e+02	   1.1008521e-01	
   8.8600000e+02	   4.8491446e-02	
   8.8700000e+02	   1.8939496e-02	
   8.8800000e+02	   1.3655983e-01	
   8.8900000e+02	   6.3039712e-02	
   8.9000000e+02	   3.0384935e-02	
   8.9100000e+02	   1.9643659e-02	
   8.9200000e+02	   3.5564622e-02	
   8.9300000e+02	   6.9942581e-02	
   8.9400000e+02	   1.5253909e-02	
   8.9500000e+02	   4.2533749e-03	
   8.9600000e+02	   1.1327392e-01	
   8.9700000e+02	   4.8762401e-02	
   8.9800000e+02	   2.8594417e-02	
   8.9900000e+02	   7.1709508e-04	
   9.0000000e+02	   2.0681386e-02	
   9.0100000e+02	   2.2149112e-01	
   9.0200000e+02	   1.5120412e-01	
   9.0300000e+02	   6.8064811e-02	
   9.0400000e+02	   1.1382244e-02	
   9.0500000e+02	   6.4379183e-02	
   9.0600000e+02	   3.9083790e-02	
   9.0700000e+02	   1.6817616e-01	
   9.0800000e+02	   5.3341812e-02	
   9.0900000e+02	   2.7068714e-02	
   9.1000000e+02	   2.4786082e-01	
   9.1100000e+02	   4.3101775e-02	
   9.1200000e+02	   8.4906114e-02	
   9.1300000e+02	   9.4544057e-02	
   9.1400000e+02	   4.3406238e-02	
   9.1500000e+02	   1.1362365e-01	
   9.1600000e+02	   7.1124827e-03	
   9.1700000e+02	   8.7822551e-03	
   9.1800000e+02	   3.5141685e-02	
   9.1900000e+02	   6.8948875e-02	
   9.2000000e+02	   1.0094064e-01	
   9.2100000e+02	   5.3853053e-02	
   9.2200000e+02	   8.9673555e-02	
   9.2300000e+02	   1.7882856e-02	
   9.2400000e+02	   6.5966676e-02	
   9.2500000e+02	   6.9744305e-02	
   9.2600000e+02	   4.9685642e-02	
   9.2700000e+02	   9.9732259e-02	
   9.2800000e+02	   1.3357347e-02	
   9.2900000e+02	   4.0909934e-03	
   9.3000000e+02	   2.0879131e-01	
   9.3100000e+02	   5.7008915e-02	
   9.3200000e+02	   7.3209496e-03	
   9.3300000e+02	   1.1148241e-01	
   9.3400000e+02	   2.5512097e-02	
   9.3500000e+02	   2.0501105e-01	
   9.3600000e+02	   5.9681409e-03	
   9.3700000e+02	   9.0070006e-02	
   9.3800000e+02	   6.4096971e-03	
   9.3900000e+02	   9.2889226e-02	
   9.4000000e+02	   7.0449775e-02	
   9.4100000e+02	   9.8030303e-02	
   9.4200000e+02	   4.6434911e-02	
   9.4300000e+02	   7.4425777e-02	
   9.4400000e+02	   1.3905123e-02	
   9.4500000e+02	   1.6110918e-02	
   9.4600000e+02	   1.0494514e-01	
   9.4700000e+02	   3.5141202e-02	
   9.4800000e+02	   6.0439437e-02	
   9.4900000e+02	   7.2832691e-03	
   9.5000000e+02	   3.8020499e-02	
   9.5100000e+02	   5.1806073e-02	
   9.5200000e+02	   7.1095425e-02	
   9.5300000e+02	   3.5004555e-02	
   9.5400000e+02	   1.3554430e-01	
   9.5500000e+02	   2.4830443e-02	
   9.5600000e+02	   2.7358327e-03	
   9.5700000e+02	   2.1699631e-01	
   9.5800000e+02	   4.9717663e-02	
   9.5900000e+02	   1.1382781e-02	
   9.6000000e+02	   4.3763224e-02	
   9.6100000e+02	   2.1443700e-01	
   9.6200000e+02	   4.9726343e-02	
   9.6300000e+02	   2.4266212e-01	
   9.6400000e+02	   2.3655874e-02	
   9.6500000e+02	   3.2668734e-02	
   9.6600000e+02	   6.0792191e-02	
   9.6700000e+02	   8.3172902e-03	
   9.6800000e+02	   1.2101306e-01	
   9.6900000e+02	   2.0855836e-02	
   9.7000000e+02	   4.6559246e-02	
   9.7100000e+02	   9.4847713e-02	
   9.7200000e+02	   6.6718254e-02	
   9.7300000e+02	   9.5075796e-02	
   9.7400000e+02	   1.5829146e-02	
   9.7500000e+02	   6.8742142e-02	
   9.7600000e+02	   1.9328556e-02	
   9.7700000e+02	   7.2798052e-03	
   9.7800000e+02	   2.4428594e-02	
   9.7900000e+02	   5.7208357e-02	
   9.8000000e+02	   5.8089488e-04	
   9.8100000e+02	   7.4795174e-04	
   9.8200000e+02	   6.1845264e-02	
   9.8300000e+02	   2.3446803e-02	
   9.8400000e+02	   3.6394502e-02	
   9.8500000e+02	   1.3429793e-01	
   9.8600000e+02	   3.0095872e-02	
   9.8700000e+02	   1.0227297e-02	
   9.8800000e+02	   6.6456302e-02	
   9.8900000e+02	   2.1848353e-02	
   9.9000000e+02	   5.6565323e-02	
   9.9100000e+02	   2.2337915e-02	
   9.9200000e+02	   5.1174931e-03	
   9.9300000e+02	   2.7253536e-01	
   9.9400000e+02	   1.4762318e-01	
   9.9500000e+02	   1.4744601e-03	
   9.9600000e+02	   7.2202277e-02	
   9.9700000e+02	   2.7214411e-01	
   9.9800000e+02	   5.9488537e-02	
   9.9900000e+02	   5.4134288e-02	
   1.0000000e+03	   1.8719321e-02	
   1.0010000e+03	   8.4051950e-02	
   1.0020000e+03	   1.9945234e-02	
   1.0030000e+03	   1.5703921e-01	
   1.0040000e+03	   1.0051548e-01	
   1.0050000e+03	   7.1553176e-02	
   1.0060000e+03	   3.8631757e-02	
   1.0070000e+03	   8.7788150e-03	
   1.0080000e+03	   1.3076613e-01	
   1.0090000e+03	   6.2549803e-03	
   1.0100000e+03	   1.2282042e-01	
   1.0110000e+03	   7.6559603e-03	
   1.0120000e+03	   1.3930812e-01	
   1.0130000e+03	   9.4928409e-02	
   1.0140000e+03	   1.5182562e-01	
   1.0150000e+03	   9.5302212e-02	
   1.0160000e+03	   3.1959389e-02	
   1.0170000e+03	   3.4994749e-02	
   1.0180000e+03	   4.1585958e-03	
   1.0190000e+03	   5.7293951e-02	
   1.0200000e+03	   3.5877012e-02	
   1.0210000e+03	   3.6023779e-02	
   1.0220000e+03	   7.2035348e-02	
   1.0230000e+03	   1.9918069e-02	
   1.0240000e+03	   9.7130592e-03	
   1.0250000e+03	   6.3327972e-02	
   1.0260000e+03	   2.1878966e-02	
   1.0270000e+03	   2.6166325e-02	
   1.0280000e+03	   5.6448830e-02	
   1.0290000e+03	   2.1333710e-02	
   1.0300000e+03	   2.3053958e-02	
   1.0310000e+03	   5.1947462e-03	
   1.0320000e+03	   8.2179636e-02	
   1.0330000e+03	   1.1338479e-01	
   1.0340000e+03	   4.4339096e-03	
   1.0350000e+03	   6.1806685e-02	
   1.0360000e+03	   1.3675739e-01	
   1.0370000e+03	   1.0479428e-01	
   1.0380000e+03	   5.9262540e-02	
   1.0390000e+03	   1.7485072e-02	
   1.0400000e+03	   1.0775054e-03	
   1.0410000e+03	   2.4478422e-02	
   1.0420000e+03	   3.3119499e-02	
   1.0430000e+03	   7.1303550e-02	
   1.0440000e+03	   1.3632772e-01	
   1.0450000e+03	   2.6578994e-02	
   1.0460000e+03	   1.5018509e-02	
   1.0470000e+03	   1.4028884e-02	
   1.0480000e+03	   4.8795244e-02	
   1.0490000e+03	   8.5463423e-03	
   1.0500000e+03	   2.3583349e-01	
   1.0510000e+03	   3.7200297e-02	
   1.0520000e+03	   6.9452108e-03	
   1.0530000e+03	   2.8131384e-02	
   1.0540000e+03	   9.6906315e-02	
   1.0550000e+03	   4.1872773e-02	
   1.0560000e+03	   2.9341277e-02	
   1.0570000e+03	   1.4610778e-02	
   1.0580000e+03	   3.6771767e-02	
   1.0590000e+03	   1.0108252e-01	
   1.0600000e+03	   6.1136079e-03	
   1.0610000e+03	   1.9458218e-02	
   1.0620000e+03	   3.9064388e-03	
   1.0630000e+03	   2.3676858e-02	
   1.0640000e+03	   5.6655354e-02	
   1.0650000e+03	   7.3052963e-03	
   1.0660000e+03	   1.6461629e-02	
   1.0670000e+03	   3.7592104e-02	
   1.0680000e+03	   1.1133848e-01	
   1.0690000e+03	   1.5337866e-02	
   1.0700000e+03	   8.0509222e-03	
   1.0710000e+03	   7.8781595e-03	
   1.0720000e+03	   5.3817745e-03	
   1.0730000e+03	   1.5836121e-01	
   1.0740000e+03	   4.8147669e-02	
   1.0750000e+03	   1.8398602e-02	
   1.0760000e+03	   1.0458015e-02	
   1.0770000e+03	   1.2553145e-01	
   1.0780000e+03	   7.4658677e-02	
   1.0790000e+03	   8.1307236e-03	
   1.0800000e+03	   6.0691688e-02	
   1.0810000e+03	   1.4571668e-02	
   1.0820000e+03	   2.6968809e-02	
   1.0830000e+03	   1.4831421e-01	
   1.0840000e+03	   3.6043071e-02	
   1.0850000e+03	   2.2529828e-02	
   1.0860000e+03	   7.7088095e-03	
   1.0870000e+03	   1.0700815e-01	
   1.0880000e+03	   2.5075656e-01	
   1.0890000e+03	   1.0965241e-01	
   1.0900000e+03	   1.3720804e-02	
   1.0910000e+03	   1.0387720e-02	
   1.0920000e+03	   1.6363741e-02	
   1.0930000e+03	   5.1927578e-02	
   1.0940000e+03	   2.7140686e-02	
   1.0950000e+03	   6.4385199e-03	
   1.0960000e+03	   3.3874082e-02	
   1.0970000e+03	   1.7071764e-02	
   1.0980000e+03	   6.3657707e-02	
   1.0990000e+03	   7.2687013e-03	
   1.1000000e+03	   7.1019915e-04	
   1.1010000e+03	   2.3853091e-02	
   1.1020000e+03	   2.7795864e-02	
   1.1030000e+03	   1.3730544e-02	
   1.1040000e+03	   6.6654841e-02	
   1.1050000e+03	   4.7158288e-02	
   1.1060000e+03	   2.8828776e-03	
   1.1070000e+03	   1.3265159e-01	
   1.1080000e+03	   3.5352915e-03	
   1.1090000e+03	   1.6478029e-03	
   1.1100000e+03	   2.4051635e-02	
   1.1110000e+03	   8.2444674e-02	
   1.1120000e+03	   7.9082643e-04	
   1.1130000e+03	   2.0985140e-02	
   1.1140000e+03	   3.4663688e-03	
   1.1150000e+03	   4.3170996e-02	
   1.1160000e+03	   1.1840323e-02	
   1.1170000e+03	   2.9515747e-02	
   1.1180000e+03	   6.6205740e-02	
   1.1190000e+03	   3.1124713e-02	
   1.1200000e+03	   2.4755746e-03	
   1.1210000e+03	   1.7871968e-01	
   1.1220000e+03	   5.0216858e-02	
   1.1230000e+03	   1.7900881e-02	
   1.1240000e+03	   2.0199445e-04	
   1.1250000e+03	   2.9067107e-02	
   1.1260000e+03	   6.4520450e-02	
   1.1270000e+03	   2.6760384e-02	
   1.1280000e+03	   2.4797449e-02	
   1.1290000e+03	   7.1282795e-02	
   1.1300000e+03	   6.7946822e-02	
   1.1310000e+03	   8.9032192e-03	
   1.1320000e+03	   3.3827130e-02	
   1.1330000e+03	   1.1129452e-01	
   1.1340000e+03	   6.9123161e-03	
   1.1350000e+03	   9.6657149e-02	
   1.1360000e+03	   1.0042733e-01	
   1.1370000e+03	   1.4503646e-03	
   1.1380000e+03	   1.0591610e-02	
   1.1390000e+03	   2.7656207e-02	
   1.1400000e+03	   4.9685423e-02	
   1.1410000e+03	   7.2428242e-02	
   1.1420000e+03	   1.0830310e-02	
   1.1430000e+03	   2.2002290e-02	
   1.1440000e+03	   2.8104864e-02	
   1.1450000e+03	   5.3309665e-02	
   1.1460000e+03	   1.3245258e-02	
   1.1470000e+03	   3.1941473e-02	
   1.1480000e+03	   7.8489488e-02	
   1.1490000e+03	   3.4987021e-03	
   1.1500000e+03	   6.1101006e-03	
   1.1510000e+03	   8.6534678e-02	
   1.1520000e+03	   4.0405880e-02	
   1.1530000e+03	   6.4415987e-02	
   1.1540000e+03	   7.9642327e-02	
   1.1550000e+03	   4.4721942e-02	
   1.1560000e+03	   1.2318804e-01	
   1.1570000e+03	   1.8557129e-02	
   1.1580000e+03	   8.4234371e-03	
   1.1590000e+03	   1.0644654e-01	
   1.1600000e+03	   4.5110061e-02	
   1.1610000e+03	   2.2452484e-02	
   1.1620000e+03	   1.3636609e-02	
   1.1630000e+03	   1.0466465e-02	
   1.1640000e+03	   2.5439314e-02	
   1.1650000e+03	   3.8539971e-03	
   1.1660000e+03	   2.0960923e-02	
   1.1670000e+03	   3.5502620e-02	
   1.1680000e+03	   1.0385450e-01	
   1.1690000e+03	   6.5140060e-02	
   1.1700000e+03	   3.1565422e-02	
   1.1710000e+03	   6.2407901e-02	
   1.1720000e+03	   4.4630819e-02	
   1.1730000e+03	   5.0233826e-02	
   1.1740000e+03	   3.4072064e-03	
   1.1750000e+03	   1.3467102e-02	
   1.1760000e+03	   9.1090592e-03	
   1.1770000e+03	   3.4561623e-02	
   1.1780000e+03	   1.3341917e-01	
   1.1790000e+03	   4.9071842e-02	
   1.1800000e+03	   6.1027664e-02	
   1.1810000e+03	   6.3323027e-02	
   1.1820000e+03	   3.6037710e-02	
   1.1830000e+03	   3.2617629e-02	
   1.1840000e+03	   7.5717179e-03	
   1.1850000e+03	   3.9406300e-02	
   1.1860000e+03	   8.6307686e-03	
   1.1870000e+03	   1.0894162e-02	
   1.1880000e+03	   9.6727108e-02	
   1.1890000e+03	   5.8498184e-02	
   1.1900000e+03	   6.4203444e-02	
   1.1910000e+03	   5.6869354e-03	
   1.1920000e+03	   1.7937784e-01	
   1.1930000e+03	   1.2352266e-02	
   1.1940000e+03	   9.1919899e-03	
   1.1950000e+03	   1.4514514e-02	
   1.1960000e+03	   5.8749272e-02	
   1.1970000e+03	   2.4148835e-02	
   1.1980000e+03	   1.0840959e-01	
   1.1990000e+03	   3.1669337e-03	
   1.2000000e+03	   5.3545353e-03	
   1.2010000e+03	   6.3944959e-03	
   1.2020000e+03	   2.2603196e-02	
   1.2030000e+03	   2.7466648e-02	
   1.2040000e+03	   6.2386518e-02	
   1.2050000e+03	   4.4906175e-02	
   1.2060000e+03	   2.0152713e-02	
   1.2070000e+03	   2.9939471e-02	
   1.2080000e+03	   8.0975834e-02	
   1.2090000e+03	   7.1968547e-02	
   1.2100000e+03	   1.6405716e-02	
   1.2110000e+03	   4.8805235e-03	
   1.2120000e+03	   4.2656195e-02	
   1.2130000e+03	   1.0063690e-02	
   1.2140000e+03	   4.0125944e-02	
   1.2150000e+03	   5.3921253e-02	
   1.2160000e+03	   6.8000007e-04	
   1.2170000e+03	   9.9920628e-02	
   1.2180000e+03	   4.8131569e-02	
   1.2190000e+03	   5.6338360e-02	
   1.2200000e+03	   1.0550302e-02	
   1.2210000e+03	   6.1719102e-02	
   1.2220000e+03	   8.1784319e-03	
   1.2230000e+03	   2.4429129e-02	
   1.2240000e+03	   3.1575270e-02	
   1.2250000e+03	   1.3826024e-02	
   1.2260000e+03	   5.3087819e-02	
   1.2270000e+03	   4.0454014e-02	
   1.2280000e+03	   1.9003283e-04	
   1.2290000e+03	   1.3177586e-04	
   1.2300000e+03	   5.6736418e-03	
   1.2310000e+03	   7.8405354e-03	
   1.2320000e+03	   1.3827583e-02	
   1.2330000e+03	   4.3856317e-02	
   1.2340000e+03	   5.9315202e-02	
   1.2350000e+03	   4.9576476e-02	
   1.2360000e+03	   4.2138165e-02	
   1.2370000e+03	   9.0662989e-03	
   1.2380000e+03	   1.8219972e-02	
   1.2390000e+03	   2.6211109e-03	
   1.2400000e+03	   3.2889992e-02	
   1.2410000e+03	   1.6845606e-02	
   1.2420000e+03	   2.7997538e-03	
   1.2430000e+03	   1.9543156e-02	
   1.2440000e+03	   3.3454821e-03	
   1.2450000e+03	   6.4727450e-03	
   1.2460000e+03	   1.2438698e-02	
   1.2470000e+03	   5.3391309e-03	
   1.2480000e+03	   1.7711440e-02	
   1.2490000e+03	   3.5718115e-03	
   1.2500000e+03	   1.9364001e-02	
   1.2510000e+03	   1.8295047e-02	
   1.2520000e+03	   3.1988615e-02	
   1.2530000e+03	   2.4445378e-02	
   1.2540000e+03	   4.4522636e-02	
   1.2550000e+03	   4.6710782e-02	
   1.2560000e+03	   4.6780883e-02	
   1.2570000e+03	   3.8241142e-03	
   1.2580000e+03	   2.3236974e-02	
   1.2590000e+03	   5.3717355e-03	
   1.2600000e+03	   4.2842174e-02	
   1.2610000e+03	   4.7727709e-03	
   1.2620000e+03	   1.9046488e-02	
   1.2630000e+03	   6.7040559e-03	
   1.2640000e+03	   4.9346680e-02	
   1.2650000e+03	   1.0303056e-02	
   1.2660000e+03	   5.9007357e-02	
   1.2670000e+03	   1.1714174e-02	
   1.2680000e+03	   1.4959384e-02	
   1.2690000e+03	   3.6407663e-02	
   1.2700000e+03	   8.2501581e-03	
   1.2710000e+03	   2.8691965e-02	
   1.2720000e+03	   1.9361292e-02	
   1.2730000e+03	   1.9918082e-02	
   1.2740000e+03	   3.3147348e-02	
   1.2750000e+03	   5.2343738e-03	
   1.2760000e+03	   1.0116166e-03	
   1.2770000e+03	   5.9942146e-02	
   1.2780000e+03	   4.1554724e-02	
   1.2790000e+03	   3.0640633e-02	
   1.2800000e+03	   1.5444103e-02	
   1.2810000e+03	   3.5165824e-03	
   1.2820000e+03	   6.7911445e-03	
   1.2830000e+03	   2.0132447e-02	
   1.2840000e+03	   1.0696687e-02	
   1.2850000e+03	   3.0165830e-02	
   1.2860000e+03	   6.4093658e-02	
   1.2870000e+03	   3.2867835e-02	
   1.2880000e+03	   8.2704506e-03	
   1.2890000e+03	   3.4157307e-02	
   1.2900000e+03	   1.7286504e-03	
   1.2910000e+03	   7.2273917e-02	
   1.2920000e+03	   8.7521950e-02	
   1.2930000e+03	   2.5462652e-02	
   1.2940000e+03	   9.8343854e-03	
   1.2950000e+03	   1.8322692e-02	
   1.2960000e+03	   3.1856293e-02	
   1.2970000e+03	   1.9038793e-02	
   1.2980000e+03	   2.3272997e-02	
   1.2990000e+03	   1.0799405e-02	
   1.3000000e+03	   4.2398378e-02	
   1.3010000e+03	   4.2692337e-02	
   1.3020000e+03	   3.4587306e-02	
   1.3030000e+03	   2.4351302e-04	
   1.3040000e+03	   5.3430660e-02	
   1.3050000e+03	   3.9423602e-03	
   1.3060000e+03	   5.5726358e-02	
   1.3070000e+03	   5.8216189e-04	
   1.3080000e+03	   2.1184778e-02	
   1.3090000e+03	   3.8558133e-02	
   1.3100000e+03	   3.6482046e-03	
   1.3110000e+03	   3.0818268e-05	
   1.3120000e+03	   4.4233340e-02	
   1.3130000e+03	   2.7687987e-02	
   1.3140000e+03	   3.8133576e-02	
   1.3150000e+03	   1.8632284e-02	
   1.3160000e+03	   1.6105368e-03	
   1.3170000e+03	   9.8477003e-02	
   1.3180000e+03	   2.3550674e-02	
   1.3190000e+03	   3.9870048e-03	
   1.3200000e+03	   1.9217906e-02	
   1.3210000e+03	   3.8512080e-02	
   1.3220000e+03	   5.0921286e-02	
   1.3230000e+03	   6.8600856e-02	
   1.3240000e+03	   7.4122021e-02	
   1.3250000e+03	   2.6034246e-02	
   1.3260000e+03	   7.7240730e-03	
   1.3270000e+03	   5.2379175e-02	
   1.3280000e+03	   5.9851758e-02	
   1.3290000e+03	   1.7139957e-03	
   1.3300000e+03	   1.7332657e-02	
   1.3310000e+03	   3.0559117e-02	
   1.3320000e+03	   2.1186331e-02	
   1.3330000e+03	   4.2329135e-02	
   1.3340000e+03	   3.1894158e-02	
   1.3350000e+03	   2.2026980e-02	
   1.3360000e+03	   1.3628626e-03	
   1.3370000e+03	   2.3816085e-02	
   1.3380000e+03	   7.5515826e-03	
   1.3390000e+03	   2.3771952e-02	
   1.3400000e+03	   1.5631140e-04	
   1.3410000e+03	   2.0541914e-02	
   1.3420000e+03	   2.7128656e-03	
   1.3430000e+03	   9.1769174e-02	
   1.3440000e+03	   5.6736144e-02	
   1.3450000e+03	   7.1845978e-02	
   1.3460000e+03	   7.3649272e-03	
   1.3470000e+03	   6.5495451e-02	
   1.3480000e+03	   5.1947817e-02	
   1.3490000e+03	   2.9163523e-03	
   1.3500000e+03	   1.6625717e-02	
   1.3510000e+03	   3.9015180e-03	
   1.3520000e+03	   2.7718433e-03	
   1.3530000e+03	   3.3724194e-03	
   1.3540000e+03	   1.3893369e-02	
   1.3550000e+03	   1.7797282e-02	
   1.3560000e+03	   1.9037288e-02	
   1.3570000e+03	   5.7622272e-02	
   1.3580000e+03	   8.4752726e-02	
   1.3590000e+03	   6.7368278e-02	
   1.3600000e+03	   9.9142439e-03	
   1.3610000e+03	   1.8778619e-02	
   1.3620000e+03	   2.0391979e-02	
   1.3630000e+03	   5.9216689e-03	
   1.3640000e+03	   5.0580025e-02	
   1.3650000e+03	   6.4316857e-02	
   1.3660000e+03	   4.9883319e-02	
   1.3670000e+03	   1.3870289e-02	
   1.3680000e+03	   8.0437290e-03	
   1.3690000e+03	   1.2957137e-02	
   1.3700000e+03	   5.3639155e-03	
   1.3710000e+03	   1.9919621e-02	
   1.3720000e+03	   1.4594142e-02	
   1.3730000e+03	   2.4734252e-02	
   1.3740000e+03	   9.1603880e-03	
   1.3750000e+03	   3.1320919e-03	
   1.3760000e+03	   1.5172108e-02	
   1.3770000e+03	   1.1726500e-02	
   1.3780000e+03	   1.8543816e-02	
   1.3790000e+03	   4.1402349e-02	
   1.3800000e+03	   1.6972086e-02	
   1.3810000e+03	   2.4402245e-02	
   1.3820000e+03	   1.3443302e-02	
   1.3830000e+03	   3.4523733e-03	
   1.3840000e+03	   2.8715617e-02	
   1.3850000e+03	   8.5805694e-03	
   1.3860000e+03	   2.4167369e-02	
   1.3870000e+03	   1.1253256e-02	
   1.3880000e+03	   7.4320576e-02	
   1.3890000e+03	   3.4291258e-02	
   1.3900000e+03	   2.3136517e-02	
   1.3910000e+03	   3.2522586e-03	
   1.3920000e+03	   2.3881263e-02	
   1.3930000e+03	   1.7170513e-02	
   1.3940000e+03	   5.7275143e-02	
   1.3950000e+03	   1.7115458e-02	
   1.3960000e+03	   1.3435079e-02	
   1.3970000e+03	   1.8469884e-02	
   1.3980000e+03	   2.0091915e-02	
   1.3990000e+03	   6.5116428e-02	
   1.4000000e+03	   2.3316343e-03	
   1.4010000e+03	   1.1694352e-02	
   1.4020000e+03	   7.0960117e-03	
   1.4030000e+03	   1.8242770e-03	
   1.4040000e+03	   2.4476773e-02	
   1.4050000e+03	   2.1602793e-03	
   1.4060000e+03	   1.2204921e-02	
   1.4070000e+03	   2.5539636e-03	
   1.4080000e+03	   1.8133078e-02	
   1.4090000e+03	   1.0924880e-02	
   1.4100000e+03	   9.0609168e-02	
   1.4110000e+03	   8.9797913e-03	
   1.4120000e+03	   4.2582986e-02	
   1.4130000e+03	   8.6112885e-03	
   1.4140000e+03	   7.5333891e-03	
   1.4150000e+03	   1.6042823e-02	
   1.4160000e+03	   1.4724457e-02	
   1.4170000e+03	   4.5951629e-03	
   1.4180000e+03	   1.4900532e-02	
   1.4190000e+03	   7.2701192e-03	
   1.4200000e+03	   1.5026711e-02	
   1.4210000e+03	   1.2457752e-02	
   1.4220000e+03	   5.1147904e-02	
   1.4230000e+03	   8.5140228e-02	
   1.4240000e+03	   3.6093509e-03	
   1.4250000e+03	   3.3317928e-02	
   1.4260000e+03	   3.6363745e-04	
   1.4270000e+03	   1.0426934e-02	
   1.4280000e+03	   1.4324145e-02	
   1.4290000e+03	   8.5334577e-03	
   1.4300000e+03	   4.3581385e-03	
   1.4310000e+03	   2.8546562e-02	
   1.4320000e+03	   1.9551085e-02	
   1.4330000e+03	   9.1679517e-04	
   1.4340000e+03	   7.8130404e-03	
   1.4350000e+03	   2.4772989e-02	
   1.4360000e+03	   5.3496352e-02	
   1.4370000e+03	   3.3943423e-03	
   1.4380000e+03	   1.2469394e-02	
   1.4390000e+03	   5.1632620e-02	
   1.4400000e+03	   3.8345813e-02	
   1.4410000e+03	   1.8931313e-02	
   1.4420000e+03	   2.6864694e-02	
   1.4430000e+03	   2.6269401e-02	
   1.4440000e+03	   1.8155267e-02	
   1.4450000e+03	   1.3745769e-03	
   1.4460000e+03	   2.2202815e-02	
   1.4470000e+03	   3.1127786e-03	
   1.4480000e+03	   3.2702124e-02	
   1.4490000e+03	   2.9124661e-03	
   1.4500000e+03	   1.7822873e-02	
   1.4510000e+03	   1.2692685e-01	
   1.4520000e+03	   1.4412245e-03	
   1.4530000e+03	   1.7426506e-02	
   1.4540000e+03	   5.0003355e-02	
   1.4550000e+03	   4.5422048e-03	
   1.4560000e+03	   1.2515869e-02	
   1.4570000e+03	   5.7289325e-03	
   1.4580000e+03	   4.3876098e-03	
   1.4590000e+03	   2.3906776e-02	
   1.4600000e+03	   1.9026221e-03	
   1.4610000e+03	   3.2024872e-02	
   1.4620000e+03	   3.2451323e-02	
   1.4630000e+03	   3.1315425e-03	
   1.4640000e+03	   3.3810273e-03	
   1.4650000e+03	   2.5226841e-02	
   1.4660000e+03	   7.0810340e-02	
   1.4670000e+03	   4.2268402e-02	
   1.4680000e+03	   3.8979237e-02	
   1.4690000e+03	   1.8401292e-02	
   1.4700000e+03	   4.3420679e-02	
   1.4710000e+03	   1.5476677e-02	
   1.4720000e+03	   4.1432518e-03	
   1.4730000e+03	   1.9048431e-02	
   1.4740000e+03	   1.1209234e-01	
   1.4750000e+03	   1.8819713e-02	
   1.4760000e+03	   6.5659443e-03	
   1.4770000e+03	   1.6093817e-02	
   1.4780000e+03	   3.7187469e-02	
   1.4790000e+03	   5.1961897e-02	
   1.4800000e+03	   1.1605025e-03	
   1.4810000e+03	   2.5916429e-02	
   1.4820000e+03	   2.6985577e-03	
   1.4830000e+03	   5.6615374e-02	
   1.4840000e+03	   1.5310980e-02	
   1.4850000e+03	   2.7136771e-02	
   1.4860000e+03	   3.9541806e-02	
   1.4870000e+03	   1.4620248e-03	
   1.4880000e+03	   3.6126703e-02	
   1.4890000e+03	   6.7810124e-02	
   1.4900000e+03	   1.1000417e-02	
   1.4910000e+03	   7.8243795e-02	
   1.4920000e+03	   8.8318039e-03	
   1.4930000e+03	   3.9458426e-03	
   1.4940000e+03	   1.0951043e-01	
   1.4950000e+03	   1.0881565e-02	
   1.4960000e+03	   5.1675193e-04	
   1.4970000e+03	   2.8623832e-02	
   1.4980000e+03	   1.1594939e-02	
   1.4990000e+03	   5.5891678e-03	
   1.5000000e+03	   8.5054000e-02	
   1.5010000e+03	   2.5715853e-02	
   1.5020000e+03	   5.9225455e-03	
   1.5030000e+03	   1.3770881e-02	
   1.5040000e+03	   1.9343156e-02	
   1.5050000e+03	   1.4346139e-02	
   1.5060000e+03	   1.4890351e-02	
   1.5070000e+03	   1.4443832e-03	
   1.5080000e+03	   3.7357562e-02	
   1.5090000e+03	   1.5058737e-02	
   1.5100000e+03	   2.1661334e-02	
   1.5110000e+03	   6.5536854e-04	
   1.5120000e+03	   1.8370009e-02	
   1.5130000e+03	   2.0453841e-02	
   1.5140000e+03	   3.2299963e-02	
   1.5150000e+03	   8.1323390e-02	
   1.5160000e+03	   2.6452331e-02	
   1.5170000e+03	   4.6925370e-03	
   1.5180000e+03	   4.6289072e-02	
   1.5190000e+03	   4.7823186e-02	
   1.5200000e+03	   2.0342001e-02	
   1.5210000e+03	   2.3672787e-02	
   1.5220000e+03	   2.0055011e-03	
   1.5230000e+03	   6.1406070e-03	
   1.5240000e+03	   3.3013952e-02	
   1.5250000e+03	   5.2411896e-03	
   1.5260000e+03	   6.0289871e-03	
   1.5270000e+03	   3.0627101e-02	
   1.5280000e+03	   5.6875567e-02	
   1.5290000e+03	   1.3814481e-02	
   1.5300000e+03	   3.1683781e-03	
   1.5310000e+03	   7.9540334e-03	
   1.5320000e+03	   2.1917581e-02	
   1.5330000e+03	   3.5117286e-02	
   1.5340000e+03	   3.2431033e-02	
   1.5350000e+03	   1.0186521e-02	
   1.5360000e+03	   1.4855048e-02	
   1.5370000e+03	   4.0490196e-02	
   1.5380000e+03	   1.2481162e-02	
   1.5390000e+03	   2.4888023e-02	
   1.5400000e+03	   2.5263035e-02	
   1.5410000e+03	   6.7218877e-03	
   1.5420000e+03	   3.5734227e-03	
   1.5430000e+03	   9.3933365e-04	
   1.5440000e+03	   4.0541388e-03	
   1.5450000e+03	   5.1742844e-02	
   1.5460000e+03	   6.0483079e-02	
   1.5470000e+03	   7.5234632e-03	
   1.5480000e+03	   8.6548389e-03	
   1.5490000e+03	   8.5923119e-03	
   1.5500000e+03	   1.0958291e-02	
   1.5510000e+03	   6.5936775e-03	
   1.5520000e+03	   3.7173693e-03	
   1.5530000e+03	   4.2734186e-02	
   1.5540000e+03	   1.9832522e-03	
   1.5550000e+03	   2.4167776e-02	
   1.5560000e+03	   3.3191867e-02	
   1.5570000e+03	   2.0792135e-02	
   1.5580000e+03	   3.4325911e-03	
   1.5590000e+03	   2.4173375e-05	
   1.5600000e+03	   3.2409922e-04	
   1.5610000e+03	   4.1309141e-02	
   1.5620000e+03	   3.2958579e-02	
   1.5630000e+03	   2.8241065e-03	
   1.5640000e+03	   3.0669439e-03	
   1.5650000e+03	   2.0367085e-03	
   1.5660000e+03	   6.3256967e-02	
   1.5670000e+03	   3.1499156e-03	
   1.5680000e+03	   1.8030560e-02	
   1.5690000e+03	   6.3943977e-02	
   1.5700000e+03	   1.8472868e-02	
   1.5710000e+03	   3.1851157e-03	
   1.5720000e+03	   4.2723269e-02	
   1.5730000e+03	   5.1503973e-03	
   1.5740000e+03	   6.7396170e-03	
   1.5750000e+03	   1.8935885e-03	
   1.5760000e+03	   8.7782914e-02	
   1.5770000e+03	   1.4257965e-02	
   1.5780000e+03	   8.2105514e-02	
   1.5790000e+03	   2.4430045e-02	
   1.5800000e+03	   4.1701363e-02	
   1.5810000e+03	   1.2657970e-02	
   1.5820000e+03	   4.1327315e-03	
   1.5830000e+03	   1.7917281e-02	
   1.5840000e+03	   1.2995553e-02	
   1.5850000e+03	   1.3095172e-02	
   1.5860000e+03	   5.7935475e-02	
   1.5870000e+03	   2.3911701e-02	
   1.5880000e+03	   5.0071456e-03	
   1.5890000e+03	   1.4449483e-02	
   1.5900000e+03	   9.9360581e-03	
   1.5910000e+03	   6.2924981e-02	
   1.5920000e+03	   1.6267577e-02	
   1.5930000e+03	   2.0123943e-02	
   1.5940000e+03	   7.3673820e-03	
   1.5950000e+03	   9.1583729e-02	
   1.5960000e+03	   1.2596688e-03	
   1.5970000e+03	   5.3823243e-02	
   1.5980000e+03	   2.2580735e-03	
   1.5990000e+03	   3.4094764e-02	
   1.6000000e+03	   4.2077500e-03	
   1.6010000e+03	   2.4687126e-02	
   1.6020000e+03	   1.0091701e-03	
   1.6030000e+03	   2.5890871e-03	
   1.6040000e+03	   4.1358164e-03	
   1.6050000e+03	   6.9945225e-03	
   1.6060000e+03	   7.0108968e-03	
   1.6070000e+03	   2.3066326e-02	
   1.6080000e+03	   7.1220457e-05	
   1.6090000e+03	   6.9746387e-03	
   1.6100000e+03	   1.0170934e-02	
   1.6110000e+03	   1.8590065e-02	
   1.6120000e+03	   2.8408897e-02	
   1.6130000e+03	   8.2261085e-02	
   1.6140000e+03	   2.4444208e-02	
   1.6150000e+03	   2.4949546e-02	
   1.6160000e+03	   4.8731166e-02	
   1.6170000e+03	   1.1279129e-03	
   1.6180000e+03	   1.9410685e-02	
   1.6190000e+03	   2.6865007e-02	
   1.6200000e+03	   2.3215905e-02	
   1.6210000e+03	   1.8957892e-03	
   1.6220000e+03	   1.2404154e-02	
   1.6230000e+03	   1.7968126e-02	
   1.6240000e+03	   1.2072483e-02	
   1.6250000e+03	   3.2078563e-03	
   1.6260000e+03	   7.9605974e-03	
   1.6270000e+03	   7.8628728e-03	
   1.6280000e+03	   1.2603509e-02	
   1.6290000e+03	   3.0794586e-02	
   1.6300000e+03	   1.0411787e-02	
   1.6310000e+03	   3.8404343e-02	
   1.6320000e+03	   1.2729817e-02	
   1.6330000e+03	   1.9173851e-02	
   1.6340000e+03	   2.3832785e-02	
   1.6350000e+03	   2.3100709e-02	
   1.6360000e+03	   5.9359338e-03	
   1.6370000e+03	   3.3800369e-03	
   1.6380000e+03	   1.6345820e-02	
   1.6390000e+03	   2.7305639e-02	
   1.6400000e+03	   9.8442410e-04	
   1.6410000e+03	   1.3061543e-02	
   1.6420000e+03	   4.8243324e-03	
   1.6430000e+03	   1.9964849e-02	
   1.6440000e+03	   1.1682818e-02	
   1.6450000e+03	   1.0025578e-02	
   1.6460000e+03	   2.1885226e-03	
   1.6470000e+03	   6.6398734e-03	
   1.6480000e+03	   1.5932357e-02	
   1.6490000e+03	   8.9256677e-03	
   1.6500000e+03	   6.2741366e-02	
   1.6510000e+03	   2.3247408e-03	
   1.6520000e+03	   5.2772416e-03	
   1.6530000e+03	   3.6951594e-03	
   1.6540000e+03	   2.3669968e-02	
   1.6550000e+03	   1.8637820e-02	
   1.6560000e+03	   4.9817165e-03	
   1.6570000e+03	   5.0829451e-03	
   1.6580000e+03	   6.2318518e-03	
   1.6590000e+03	   6.2156248e-03	
   1.6600000e+03	   5.1292672e-02	
   1.6610000e+03	   3.2287697e-02	
   1.6620000e+03	   2.9613631e-02	
   1.6630000e+03	   1.1422696e-02	
   1.6640000e+03	   2.7876388e-02	
   1.6650000e+03	   1.9353297e-02	
   1.6660000e+03	   4.1687558e-05	
   1.6670000e+03	   3.2648373e-03	
   1.6680000e+03	   2.3165981e-03	
   1.6690000e+03	   1.1771542e-02	
   1.6700000e+03	   3.2869051e-04	
   1.6710000e+03	   3.4878550e-03	
   1.6720000e+03	   5.3543670e-03	
   1.6730000e+03	   9.2224419e-03	
   1.6740000e+03	   1.2717111e-02	
   1.6750000e+03	   9.5846102e-03	
   1.6760000e+03	   1.0059470e-02	
   1.6770000e+03	   2.5925093e-03	
   1.6780000e+03	   6.1118574e-03	
   1.6790000e+03	   9.1237374e-03	
   1.6800000e+03	   5.4304467e-03	
   1.6810000e+03	   2.2862419e-02	
   1.6820000e+03	   1.5843067e-02	
   1.6830000e+03	   1.3876464e-03	
   1.6840000e+03	   1.4583811e-02	
   1.6850000e+03	   1.7293050e-02	
   1.6860000e+03	   9.7256123e-03	
   1.6870000e+03	   8.6766568e-02	
   1.6880000e+03	   5.6615493e-03	
   1.6890000e+03	   9.0158411e-03	
   1.6900000e+03	   1.7826121e-02	
   1.6910000e+03	   1.9965074e-03	
   1.6920000e+03	   1.7460633e-02	
   1.6930000e+03	   6.3852652e-03	
   1.6940000e+03	   1.5867033e-02	
   1.6950000e+03	   8.8401451e-03	
   1.6960000e+03	   3.9836917e-03	
   1.6970000e+03	   1.9556328e-02	
   1.6980000e+03	   1.2727354e-02	
   1.6990000e+03	   8.2117901e-03	
   1.7000000e+03	   2.2685543e-02	
   1.7010000e+03	   8.5724069e-03	
   1.7020000e+03	   3.2026886e-02	
   1.7030000e+03	   1.8035214e-02	
   1.7040000e+03	   1.9885032e-03	
   1.7050000e+03	   7.9814708e-03	
   1.7060000e+03	   2.9973732e-03	
   1.7070000e+03	   2.1524001e-02	
   1.7080000e+03	   1.1246869e-03	
   1.7090000e+03	   2.7560226e-02	
   1.7100000e+03	   1.2708885e-03	
   1.7110000e+03	   2.1274455e-03	
   1.7120000e+03	   2.2633919e-02	
   1.7130000e+03	   1.6638081e-02	
   1.7140000e+03	   1.0148794e-02	
   1.7150000e+03	   3.4029698e-03	
   1.7160000e+03	   5.8744356e-03	
   1.7170000e+03	   4.4810299e-03	
   1.7180000e+03	   1.7585541e-02	
   1.7190000e+03	   7.5901196e-02	
   1.7200000e+03	   3.6875401e-02	
   1.7210000e+03	   4.2123691e-03	
   1.7220000e+03	   1.1593491e-02	
   1.7230000e+03	   4.2405011e-03	
   1.7240000e+03	   1.6209558e-02	
   1.7250000e+03	   3.2318576e-02	
   1.7260000e+03	   2.4191426e-02	
   1.7270000e+03	   3.4289405e-02	
   1.7280000e+03	   3.6133259e-03	
   1.7290000e+03	   1.3297955e-02	
   1.7300000e+03	   1.0090004e-02	
   1.7310000e+03	   1.8817257e-02	
   1.7320000e+03	   1.6387148e-02	
   1.7330000e+03	   9.9424944e-03	
   1.7340000e+03	   5.8811483e-03	
   1.7350000e+03	   1.4906859e-03	
   1.7360000e+03	   3.5854589e-02	
   1.7370000e+03	   6.2482956e-03	
   1.7380000e+03	   2.1248012e-03	
   1.7390000e+03	   2.4901793e-03	
   1.7400000e+03	   2.7953322e-02	
   1.7410000e+03	   4.9677369e-03	
   1.7420000e+03	   3.9771872e-03	
   1.7430000e+03	   1.7521232e-03	
   1.7440000e+03	   6.3491022e-03	
   1.7450000e+03	   3.7869567e-03	
   1.7460000e+03	   2.3305569e-03	
   1.7470000e+03	   3.1022770e-03	
   1.7480000e+03	   9.5013364e-03	
   1.7490000e+03	   5.8245930e-03	
   1.7500000e+03	   6.1816987e-03	
   1.7510000e+03	   1.7560209e-02	
   1.7520000e+03	   2.3594438e-03	
   1.7530000e+03	   2.8899746e-03	
   1.7540000e+03	   2.8004782e-02	
   1.7550000e+03	   2.1062814e-02	
   1.7560000e+03	   1.4898848e-02	
   1.7570000e+03	   2.7315863e-02	
   1.7580000e+03	   1.1022967e-02	
   1.7590000e+03	   8.1979680e-03	
   1.7600000e+03	   3.0061925e-03	
   1.7610000e+03	   9.8503791e-03	
   1.7620000e+03	   1.1453148e-03	
   1.7630000e+03	   1.5137642e-02	
   1.7640000e+03	   1.1086051e-02	
   1.7650000e+03	   3.1532626e-02	
   1.7660000e+03	   1.3163841e-02	
   1.7670000e+03	   1.9799975e-02	
   1.7680000e+03	   1.4434215e-03	
   1.7690000e+03	   2.7163425e-02	
   1.7700000e+03	   2.0931810e-02	
   1.7710000e+03	   6.7112477e-03	
   1.7720000e+03	   5.2858900e-02	
   1.7730000e+03	   1.8989743e-02	
   1.7740000e+03	   4.2471941e-03	
   1.7750000e+03	   3.1116416e-02	
   1.7760000e+03	   1.2098022e-03	
   1.7770000e+03	   7.2258178e-03	
   1.7780000e+03	   1.6168833e-04	
   1.7790000e+03	   2.0479700e-02	
   1.7800000e+03	   1.5400311e-03	
   1.7810000e+03	   6.1730494e-02	
   1.7820000e+03	   1.5190067e-02	
   1.7830000e+03	   1.8982887e-03	
   1.7840000e+03	   3.6179985e-03	
   1.7850000e+03	   7.3365249e-03	
   1.7860000e+03	   1.5542355e-02	
   1.7870000e+03	   2.6618438e-02	
   1.7880000e+03	   1.1841787e-02	
   1.7890000e+03	   2.1989027e-02	
   1.7900000e+03	   1.0834737e-02	
   1.7910000e+03	   1.7067868e-03	
   1.7920000e+03	   1.4234191e-02	
   1.7930000e+03	   9.3362485e-03	
   1.7940000e+03	   3.7783017e-03	
   1.7950000e+03	   7.0611916e-03	
   1.7960000e+03	   2.7780253e-02	
   1.7970000e+03	   6.1196560e-03	
   1.7980000e+03	   1.3084770e-02	
   1.7990000e+03	   2.0630974e-02	
   1.8000000e+03	   7.4193741e-03	
   1.8010000e+03	   1.2802132e-02	
   1.8020000e+03	   7.7806613e-03	
   1.8030000e+03	   1.7720772e-03	
   1.8040000e+03	   2.2842271e-02	
   1.8050000e+03	   5.7111599e-03	
   1.8060000e+03	   1.2011149e-02	
   1.8070000e+03	   6.2044743e-03	
   1.8080000e+03	   1.3682678e-02	
   1.8090000e+03	   1.8892549e-03	
   1.8100000e+03	   5.0383493e-03	
   1.8110000e+03	   1.1959865e-02	
   1.8120000e+03	   4.5265026e-02	
   1.8130000e+03	   1.4533901e-02	
   1.8140000e+03	   7.9474569e-03	
   1.8150000e+03	   1.6832663e-02	
   1.8160000e+03	   1.3673282e-02	
   1.8170000e+03	   4.7880101e-03	
   1.8180000e+03	   5.0389643e-02	
   1.8190000e+03	   1.9623973e-02	
   1.8200000e+03	   9.4995052e-05	
   1.8210000e+03	   1.4452473e-02	
   1.8220000e+03	   7.1574918e-03	
   1.8230000e+03	   1.2183657e-03	
   1.8240000e+03	   1.3265361e-02	
   1.8250000e+03	   7.8855190e-03	
   1.8260000e+03	   1.1582800e-02	
   1.8270000e+03	   1.8200495e-02	
   1.8280000e+03	   1.3550030e-02	
   1.8290000e+03	   1.6468389e-02	
   1.8300000e+03	   1.8623963e-02	
   1.8310000e+03	   3.3676064e-03	
   1.8320000e+03	   2.6219334e-02	
   1.8330000e+03	   3.1150347e-03	
   1.8340000e+03	   7.5876871e-03	
   1.8350000e+03	   1.4811455e-02	
   1.8360000e+03	   2.5913070e-02	
   1.8370000e+03	   4.1115848e-03	
   1.8380000e+03	   1.7386746e-02	
   1.8390000e+03	   1.5300423e-02	
   1.8400000e+03	   3.6519190e-02	
   1.8410000e+03	   7.9443762e-03	
   1.8420000e+03	   7.5283454e-03	
   1.8430000e+03	   7.1001394e-04	
   1.8440000e+03	   3.3411312e-02	
   1.8450000e+03	   3.7933545e-03	
   1.8460000e+03	   5.5590048e-03	
   1.8470000e+03	   3.0591465e-02	
   1.8480000e+03	   9.5798781e-03	
   1.8490000e+03	   1.1709252e-03	
   1.8500000e+03	   9.4974919e-03	
   1.8510000e+03	   8.2130368e-03	
   1.8520000e+03	   2.1947013e-02	
   1.8530000e+03	   4.4900515e-03	
   1.8540000e+03	   6.5021480e-03	
   1.8550000e+03	   1.1978522e-02	
   1.8560000e+03	   2.0206540e-02	
   1.8570000e+03	   9.7031436e-05	
   1.8580000e+03	   3.1233576e-03	
   1.8590000e+03	   9.4282084e-03	
   1.8600000e+03	   1.0934776e-02	
   1.8610000e+03	   2.6503213e-02	
   1.8620000e+03	   8.3269622e-03	
   1.8630000e+03	   4.8730774e-03	
   1.8640000e+03	   1.3763780e-03	
   1.8650000e+03	   7.2569349e-03	
   1.8660000e+03	   2.3512116e-03	
   1.8670000e+03	   7.7670201e-03	
   1.8680000e+03	   1.1145333e-02	
   1.8690000e+03	   6.6477103e-03	
   1.8700000e+03	   2.5829795e-02	
   1.8710000e+03	   6.0910138e-03	
   1.8720000e+03	   1.1546436e-02	
   1.8730000e+03	   1.0096579e-02	
   1.8740000e+03	   1.7687948e-02	
   1.8750000e+03	   1.9861188e-02	
   1.8760000e+03	   2.1577065e-03	
   1.8770000e+03	   1.7497433e-03	
   1.8780000e+03	   1.7447661e-02	
   1.8790000e+03	   6.9859066e-03	
   1.8800000e+03	   1.0389425e-02	
   1.8810000e+03	   3.3385593e-03	
   1.8820000e+03	   1.5426068e-02	
   1.8830000e+03	   1.4407598e-02	
   1.8840000e+03	   9.4029142e-03	
   1.8850000e+03	   3.6970605e-03	
   1.8860000e+03	   6.5854382e-05	
   1.8870000e+03	   1.0645002e-03	
   1.8880000e+03	   1.8888893e-04	
   1.8890000e+03	   9.1864463e-04	
   1.8900000e+03	   9.2705914e-03	
   1.8910000e+03	   5.2686426e-04	
   1.8920000e+03	   1.0833021e-02	
   1.8930000e+03	   8.9641320e-03	
   1.8940000e+03	   3.3264295e-02	
   1.8950000e+03	   1.6047346e-02	
   1.8960000e+03	   2.4236812e-03	
   1.8970000e+03	   5.6055532e-03	
   1.8980000e+03	   9.4268543e-04	
   1.8990000e+03	   4.5954855e-02	
   1.9000000e+03	   4.9038355e-03	
   1.9010000e+03	   5.3508397e-03	
   1.9020000e+03	   3.9486535e-04	
   1.9030000e+03	   1.6843172e-02	
   1.9040000e+03	   1.1394384e-02	
   1.9050000e+03	   3.8474163e-03	
   1.9060000e+03	   2.2640762e-03	
   1.9070000e+03	   5.6101257e-04	
   1.9080000e+03	   1.6260383e-02	
   1.9090000e+03	   2.8791282e-03	
   1.9100000e+03	   1.7931096e-02	
   1.9110000e+03	   7.4262125e-05	
   1.9120000e+03	   5.5623040e-03	
   1.9130000e+03	   1.0936147e-02	
   1.9140000e+03	   2.1603269e-03	
   1.9150000e+03	   2.1184197e-02	
   1.9160000e+03	   2.4730046e-04	
   1.9170000e+03	   1.6777894e-02	
   1.9180000e+03	   1.0685561e-02	
   1.9190000e+03	   1.5409218e-02	
   1.9200000e+03	   1.9219199e-02	
   1.9210000e+03	   1.6296069e-02	
   1.9220000e+03	   9.6783274e-03	
   1.9230000e+03	   1.7101472e-04	
   1.9240000e+03	   6.0376644e-04	
   1.9250000e+03	   9.8194071e-03	
   1.9260000e+03	   8.6057393e-03	
   1.9270000e+03	   4.2894538e-03	
   1.9280000e+03	   1.2922804e-03	
   1.9290000e+03	   9.6069516e-03	
   1.9300000e+03	   1.8093403e-03	
   1.9310000e+03	   1.1294247e-02	
   1.9320000e+03	   7.6270753e-04	
   1.9330000e+03	   4.6772559e-03	
   1.9340000e+03	   2.3020920e-03	
   1.9350000e+03	   6.9568355e-02	
   1.9360000e+03	   3.9533000e-03	
   1.9370000e+03	   1.0117296e-04	
   1.9380000e+03	   8.9483725e-03	
   1.9390000e+03	   3.0309479e-03	
   1.9400000e+03	   7.1155140e-03	
   1.9410000e+03	   1.4855740e-02	
   1.9420000e+03	   1.0818624e-02	
   1.9430000e+03	   6.3870729e-03	
   1.9440000e+03	   6.5426512e-03	
   1.9450000e+03	   7.1375163e-03	
   1.9460000e+03	   1.2269345e-02	
   1.9470000e+03	   8.4132986e-02	
   1.9480000e+03	   1.7838943e-03	
   1.9490000e+03	   6.6160887e-03	
   1.9500000e+03	   2.2942383e-02	
   1.9510000e+03	   1.1635699e-02	
   1.9520000e+03	   9.0878367e-04	
   1.9530000e+03	   1.4863588e-02	
   1.9540000e+03	   6.2557627e-03	
   1.9550000e+03	   2.2029241e-03	
   1.9560000e+03	   1.4539638e-02	
   1.9570000e+03	   6.0712509e-03	
   1.9580000e+03	   7.4788609e-03	
   1.9590000e+03	   1.3911261e-02	
   1.9600000e+03	   1.0568694e-02	
   1.9610000e+03	   1.1263361e-02	
   1.9620000e+03	   4.0406378e-03	
   1.9630000e+03	   4.3629507e-02	
   1.9640000e+03	   3.2692069e-02	
   1.9650000e+03	   1.7835532e-04	
   1.9660000e+03	   2.3532278e-02	
   1.9670000e+03	   5.9893115e-03	
   1.9680000e+03	   1.5417532e-02	
   1.9690000e+03	   1.2469099e-03	
   1.9700000e+03	   1.4840788e-05	
   1.9710000e+03	   1.8456992e-02	
   1.9720000e+03	   4.1746858e-02	
   1.9730000e+03	   6.1219375e-03	
   1.9740000e+03	   5.2672153e-03	
   1.9750000e+03	   4.7811628e-03	
   1.9760000e+03	   1.7704146e-03	
   1.9770000e+03	   2.9359634e-02	
   1.9780000e+03	   1.5996085e-02	
   1.9790000e+03	   1.4632515e-02	
   1.9800000e+03	   4.0716345e-04	
   1.9810000e+03	   6.3141060e-03	
   1.9820000e+03	   1.1568077e-03	
   1.9830000e+03	   2.7833727e-04	
   1.9840000e+03	   2.2794196e-02	
   1.9850000e+03	   7.7491387e-03	
   1.9860000e+03	   5.7163618e-03	
   1.9870000e+03	   1.4326702e-02	
   1.9880000e+03	   2.1250620e-03	
   1.9890000e+03	   8.9508384e-03	
   1.9900000e+03	   1.1801724e-03	
   1.9910000e+03	   7.7686963e-04	
   1.9920000e+03	   5.8156357e-03	
   1.9930000e+03	   5.1801101e-03	
   1.9940000e+03	   3.4908953e-03	
   1.9950000e+03	   8.7035872e-03	
   1.9960000e+03	   7.8037340e-04	
   1.9970000e+03	   1.5203103e-02	
   1.9980000e+03	   3.0291868e-03	
   1.9990000e+03	   1.1246162e-02	
   2.0000000e+03	   3.8560607e-03	
   2.0010000e+03	   1.2569520e-02	
   2.0020000e+03	   2.2797233e-03	
   2.0030000e+03	   2.0846194e-02	
   2.0040000e+03	   1.3465076e-02	
   2.0050000e+03	   3.3304581e-03	
   2.0060000e+03	   1.7617800e-02	
   2.0070000e+03	   1.6629993e-02	
   2.0080000e+03	   5.9470423e-03	
   2.0090000e+03	   1.1088255e-03	
   2.0100000e+03	   3.5730912e-03	
   2.0110000e+03	   3.7408221e-03	
   2.0120000e+03	   3.1165067e-03	
   2.0130000e+03	   3.6705936e-02	
   2.0140000e+03	   2.3346228e-02	
   2.0150000e+03	   3.0663901e-03	
   2.0160000e+03	   1.0552153e-02	
   2.0170000e+03	   2.8135905e-02	
   2.0180000e+03	   1.2023615e-02	
   2.0190000e+03	   9.9820347e-03	
   2.0200000e+03	   1.2913831e-03	
   2.0210000e+03	   1.2908635e-02	
   2.0220000e+03	   6.4304791e-03	
   2.0230000e+03	   2.2805710e-03	
   2.0240000e+03	   9.2156235e-03	
   2.0250000e+03	   2.1961454e-03	
   2.0260000e+03	   1.3364269e-03	
   2.0270000e+03	   3.5589617e-02	
   2.0280000e+03	   9.2223247e-03	
   2.0290000e+03	   1.8323867e-02	
   2.0300000e+03	   1.5395705e-02	
   2.0310000e+03	   9.4072590e-04	
   2.0320000e+03	   5.5562549e-03	
   2.0330000e+03	   3.9953904e-03	
   2.0340000e+03	   1.6291265e-02	
   2.0350000e+03	   1.4422803e-02	
   2.0360000e+03	   3.6564337e-02	
   2.0370000e+03	   1.4101138e-03	
   2.0380000e+03	   8.0404179e-03	
   2.0390000e+03	   5.9816839e-03	
   2.0400000e+03	   1.0832415e-03	
   2.0410000e+03	   8.1388175e-03	
   2.0420000e+03	   1.1294187e-03	
   2.0430000e+03	   8.1172770e-03	
   2.0440000e+03	   1.1314091e-02	
   2.0450000e+03	   2.3318180e-03	
   2.0460000e+03	   2.6543112e-02	
   2.0470000e+03	   4.6038807e-02	
   2.0480000e+03	   6.7392679e-03	
   2.0490000e+03	   1.2721136e-02	
   2.0500000e+03	   6.6139449e-03	
   2.0510000e+03	   4.5525178e-02	
   2.0520000e+03	   2.9363241e-03	
   2.0530000e+03	   5.2915501e-03	
   2.0540000e+03	   3.9833247e-03	
   2.0550000e+03	   3.3718508e-02	
   2.0560000e+03	   4.7721257e-04	
   2.0570000e+03	   7.3971738e-03	
   2.0580000e+03	   2.0262117e-03	
   2.0590000e+03	   7.8865528e-04	
   2.0600000e+03	   1.6590123e-04	
   2.0610000e+03	   1.2148386e-02	
   2.0620000e+03	   4.0894401e-02	
   2.0630000e+03	   1.2022397e-02	
   2.0640000e+03	   2.2251309e-02	
   2.0650000e+03	   4.5690585e-02	
   2.0660000e+03	   1.1437895e-02	
   2.0670000e+03	   6.9239573e-03	
   2.0680000e+03	   1.2802271e-03	
   2.0690000e+03	   1.4094672e-02	
   2.0700000e+03	   1.3699515e-03	
   2.0710000e+03	   2.0658009e-03	
   2.0720000e+03	   6.8637483e-03	
   2.0730000e+03	   9.8514206e-03	
   2.0740000e+03	   9.5923323e-03	
   2.0750000e+03	   2.7697140e-02	
   2.0760000e+03	   4.8116910e-03	
   2.0770000e+03	   2.8328391e-02	
   2.0780000e+03	   1.8505040e-02	
   2.0790000e+03	   1.0498604e-03	
   2.0800000e+03	   5.8154831e-03	
   2.0810000e+03	   7.7962464e-03	
   2.0820000e+03	   9.7738130e-03	
   2.0830000e+03	   2.2192983e-02	
   2.0840000e+03	   2.3090428e-02	
   2.0850000e+03	   2.2877038e-02	
   2.0860000e+03	   2.5869052e-02	
   2.0870000e+03	   8.3719570e-04	
   2.0880000e+03	   1.1562886e-02	
   2.0890000e+03	   5.9546993e-03	
   2.0900000e+03	   7.3579139e-03	
   2.0910000e+03	   1.2199433e-03	
   2.0920000e+03	   6.9803529e-03	
   2.0930000e+03	   4.6151188e-03	
   2.0940000e+03	   3.4143285e-02	
   2.0950000e+03	   7.1844519e-03	
   2.0960000e+03	   1.0293881e-03	
   2.0970000e+03	   2.0433884e-02	
   2.0980000e+03	   1.1036028e-02	
   2.0990000e+03	   7.9837759e-03	
   2.1000000e+03	   1.5023542e-02	
   2.1010000e+03	   7.0910286e-03	
   2.1020000e+03	   2.0914955e-02	
   2.1030000e+03	   6.0429227e-04	
   2.1040000e+03	   1.1807461e-02	
   2.1050000e+03	   1.8736781e-03	
   2.1060000e+03	   6.8573747e-03	
   2.1070000e+03	   1.8947057e-02	
   2.1080000e+03	   3.0660809e-03	
   2.1090000e+03	   7.8244451e-03	
   2.1100000e+03	   9.2053469e-04	
   2.1110000e+03	   2.9496630e-02	
   2.1120000e+03	   7.3484040e-03	
   2.1130000e+03	   3.9142402e-03	
   2.1140000e+03	   3.6960468e-04	
   2.1150000e+03	   3.8826793e-03	
   2.1160000e+03	   2.9380250e-03	
   2.1170000e+03	   5.7713146e-03	
   2.1180000e+03	   5.8753845e-03	
   2.1190000e+03	   2.2962338e-03	
   2.1200000e+03	   9.0131405e-03	
   2.1210000e+03	   3.2567478e-02	
   2.1220000e+03	   1.0125598e-02	
   2.1230000e+03	   3.1590203e-03	
   2.1240000e+03	   6.5118027e-03	
   2.1250000e+03	   7.0456186e-03	
   2.1260000e+03	   1.0486457e-02	
   2.1270000e+03	   1.2418097e-03	
   2.1280000e+03	   2.0934276e-02	
   2.1290000e+03	   3.0211004e-03	
   2.1300000e+03	   8.3083743e-03	
   2.1310000e+03	   4.9708436e-03	
   2.1320000e+03	   1.1871879e-02	
   2.1330000e+03	   1.2606980e-03	
   2.1340000e+03	   2.1207905e-02	
   2.1350000e+03	   1.0614511e-02	
   2.1360000e+03	   6.0028754e-03	
   2.1370000e+03	   1.2252606e-02	
   2.1380000e+03	   3.4634864e-03	
   2.1390000e+03	   1.3745313e-02	
   2.1400000e+03	   2.1963686e-03	
   2.1410000e+03	   8.0802917e-03	
   2.1420000e+03	   1.0354666e-02	
   2.1430000e+03	   5.0013305e-03	
   2.1440000e+03	   7.9755329e-03	
   2.1450000e+03	   1.0105746e-03	
   2.1460000e+03	   1.8676689e-03	
   2.1470000e+03	   6.2084777e-03	
   2.1480000e+03	   1.3683241e-02	
   2.1490000e+03	   7.3451496e-03	
   2.1500000e+03	   1.2442111e-03	
   2.1510000e+03	   1.7711952e-02	
   2.1520000e+03	   3.4707060e-03	
   2.1530000e+03	   1.5749921e-03	
   2.1540000e+03	   6.1289917e-03	
   2.1550000e+03	   3.7603398e-03	
   2.1560000e+03	   1.9970437e-03	
   2.1570000e+03	   1.5700020e-02	
   2.1580000e+03	   1.9115898e-03	
   2.1590000e+03	   9.3229694e-03	
   2.1600000e+03	   1.0724888e-02	
   2.1610000e+03	   9.2892437e-03	
   2.1620000e+03	   3.9791988e-03	
   2.1630000e+03	   1.4662121e-02	
   2.1640000e+03	   2.2349020e-02	
   2.1650000e+03	   6.0759025e-03	
   2.1660000e+03	   2.0722631e-03	
   2.1670000e+03	   6.3015240e-03	
   2.1680000e+03	   2.0395870e-03	
   2.1690000e+03	   1.4786951e-03	
   2.1700000e+03	   2.2786367e-03	
   2.1710000e+03	   1.1781871e-03	
   2.1720000e+03	   9.6299606e-04	
   2.1730000e+03	   4.5146462e-04	
   2.1740000e+03	   4.6124545e-04	
   2.1750000e+03	   7.1632837e-03	
   2.1760000e+03	   1.0011027e-02	
   2.1770000e+03	   4.8194672e-03	
   2.1780000e+03	   5.4538692e-03	
   2.1790000e+03	   1.6994383e-02	
   2.1800000e+03	   2.0916946e-02	
   2.1810000e+03	   3.4759869e-03	
   2.1820000e+03	   9.8593217e-03	
   2.1830000e+03	   1.3995964e-02	
   2.1840000e+03	   9.1389577e-04	
   2.1850000e+03	   5.3222130e-04	
   2.1860000e+03	   1.4016093e-02	
   2.1870000e+03	   8.3423905e-03	
   2.1880000e+03	   5.0607937e-03	
   2.1890000e+03	   5.2177056e-03	
   2.1900000e+03	   2.3614658e-03	
   2.1910000e+03	   2.5984621e-02	
   2.1920000e+03	   1.2277445e-03	
   2.1930000e+03	   8.4967212e-03	
   2.1940000e+03	   3.5456931e-03	
   2.1950000e+03	   2.3681031e-02	
   2.1960000e+03	   1.2427682e-02	
   2.1970000e+03	   6.9226372e-03	
   2.1980000e+03	   1.8123106e-02	
   2.1990000e+03	   1.3291008e-02	
   2.2000000e+03	   6.6594350e-03	
   2.2010000e+03	   3.2796349e-03	
   2.2020000e+03	   1.1475301e-02	
   2.2030000e+03	   6.3073896e-03	
   2.2040000e+03	   1.2213439e-02	
   2.2050000e+03	   5.3558465e-03	
   2.2060000e+03	   4.3179833e-03	
   2.2070000e+03	   1.6381570e-02	
   2.2080000e+03	   1.0210750e-03	
   2.2090000e+03	   6.9256440e-03	
   2.2100000e+03	   4.9258435e-03	
   2.2110000e+03	   1.4173484e-02	
   2.2120000e+03	   3.5881468e-03	
   2.2130000e+03	   2.4419060e-02	
   2.2140000e+03	   1.2036102e-02	
   2.2150000e+03	   9.0424796e-03	
   2.2160000e+03	   1.0684721e-02	
   2.2170000e+03	   3.9846763e-03	
   2.2180000e+03	   1.0582031e-02	
   2.2190000e+03	   8.2756613e-03	
   2.2200000e+03	   2.7086002e-04	
   2.2210000e+03	   1.1617614e-02	
   2.2220000e+03	   3.6825733e-03	
   2.2230000e+03	   1.5230760e-03	
   2.2240000e+03	   1.0312442e-03	
   2.2250000e+03	   2.2064566e-03	
   2.2260000e+03	   1.2377796e-02	
   2.2270000e+03	   2.4726189e-03	
   2.2280000e+03	   9.9124404e-04	
   2.2290000e+03	   6.0478084e-03	
   2.2300000e+03	   5.6612374e-03	
   2.2310000e+03	   6.3329074e-03	
   2.2320000e+03	   7.1569387e-03	
   2.2330000e+03	   2.3896258e-02	
   2.2340000e+03	   1.0142343e-02	
   2.2350000e+03	   6.9561034e-03	
   2.2360000e+03	   3.0060814e-03	
   2.2370000e+03	   1.0879598e-02	
   2.2380000e+03	   4.2906397e-04	
   2.2390000e+03	   1.1881592e-02	
   2.2400000e+03	   3.0907736e-03	
   2.2410000e+03	   5.1796366e-03	
   2.2420000e+03	   1.6584071e-02	
   2.2430000e+03	   6.0464685e-03	
   2.2440000e+03	   1.3221970e-02	
   2.2450000e+03	   4.8454972e-04	
   2.2460000e+03	   1.5569078e-02	
   2.2470000e+03	   2.1038572e-03	
   2.2480000e+03	   8.2370461e-03	
   2.2490000e+03	   1.6826531e-02	
   2.2500000e+03	   1.8779311e-03	
   2.2510000e+03	   1.8837323e-02	
   2.2520000e+03	   9.9006538e-03	
   2.2530000e+03	   2.3219758e-03	
   2.2540000e+03	   1.5858389e-02	
   2.2550000e+03	   8.0340866e-05	
   2.2560000e+03	   2.5101416e-03	
   2.2570000e+03	   3.7001892e-03	
   2.2580000e+03	   6.8219760e-03	
   2.2590000e+03	   2.0815016e-02	
   2.2600000e+03	   8.9975689e-03	
   2.2610000e+03	   4.2506274e-03	
   2.2620000e+03	   5.3572397e-03	
   2.2630000e+03	   1.1651558e-02	
   2.2640000e+03	   4.4527007e-03	
   2.2650000e+03	   2.0774114e-02	
   2.2660000e+03	   1.1393261e-02	
   2.2670000e+03	   1.3865862e-02	
   2.2680000e+03	   1.5394450e-03	
   2.2690000e+03	   1.2571128e-02	
   2.2700000e+03	   1.0951351e-02	
   2.2710000e+03	   1.5770968e-02	
   2.2720000e+03	   4.7844196e-03	
   2.2730000e+03	   2.3267625e-02	
   2.2740000e+03	   1.2332538e-02	
   2.2750000e+03	   1.3109145e-02	
   2.2760000e+03	   2.6381324e-04	
   2.2770000e+03	   1.5419564e-03	
   2.2780000e+03	   7.9623745e-03	
   2.2790000e+03	   9.2737949e-03	
   2.2800000e+03	   3.4678402e-05	
   2.2810000e+03	   1.4953024e-03	
   2.2820000e+03	   1.5904615e-03	
   2.2830000e+03	   2.0416507e-03	
   2.2840000e+03	   8.9316719e-03	
   2.2850000e+03	   1.4660920e-03	
   2.2860000e+03	   1.1723145e-02	
   2.2870000e+03	   1.6314768e-03	
   2.2880000e+03	   1.2675638e-02	
   2.2890000e+03	   1.9978721e-03	
   2.2900000e+03	   4.4124706e-03	
   2.2910000e+03	   1.8218505e-02	
   2.2920000e+03	   1.0264392e-03	
   2.2930000e+03	   6.7973072e-03	
   2.2940000e+03	   4.8841111e-03	
   2.2950000e+03	   1.3576417e-02	
   2.2960000e+03	   2.0152652e-02	
   2.2970000e+03	   1.7047747e-03	
   2.2980000e+03	   2.9789187e-03	
   2.2990000e+03	   3.5526942e-03	
   2.3000000e+03	   3.5239641e-02	
   2.3010000e+03	   4.4073781e-03	
   2.3020000e+03	   2.5044107e-03	
   2.3030000e+03	   2.8156581e-03	
   2.3040000e+03	   3.2270620e-03	
   2.3050000e+03	   7.1598731e-04	
   2.3060000e+03	   2.2356071e-03	
   2.3070000e+03	   1.2138138e-02	
   2.3080000e+03	   4.2624312e-03	
   2.3090000e+03	   1.2684882e-03	
   2.3100000e+03	   2.4534450e-03	
   2.3110000e+03	   2.6092245e-03	
   2.3120000e+03	   1.6043677e-02	
   2.3130000e+03	   1.1304168e-02	
   2.3140000e+03	   1.7891277e-02	
   2.3150000e+03	   1.1370287e-02	
   2.3160000e+03	   2.1394998e-02	
   2.3170000e+03	   2.4955838e-03	
   2.3180000e+03	   5.4599264e-03	
   2.3190000e+03	   6.5878826e-04	
   2.3200000e+03	   2.5564221e-02	
   2.3210000e+03	   8.3189396e-03	
   2.3220000e+03	   1.6707552e-03	
   2.3230000e+03	   3.3092231e-03	
   2.3240000e+03	   8.4458072e-03	
   2.3250000e+03	   4.7500173e-03	
   2.3260000e+03	   1.1422975e-02	
   2.3270000e+03	   1.2896871e-02	
   2.3280000e+03	   1.2148547e-02	
   2.3290000e+03	   5.9693930e-03	
   2.3300000e+03	   2.1902315e-03	
   2.3310000e+03	   2.0117862e-03	
   2.3320000e+03	   1.4418911e-02	
   2.3330000e+03	   1.8306358e-03	
   2.3340000e+03	   7.5619221e-03	
   2.3350000e+03	   1.2827785e-03	
   2.3360000e+03	   2.2607918e-03	
   2.3370000e+03	   2.1693392e-03	
   2.3380000e+03	   1.1536600e-02	
   2.3390000e+03	   3.2469912e-03	
   2.3400000e+03	   1.1269281e-02	
   2.3410000e+03	   4.6873303e-04	
   2.3420000e+03	   9.4869367e-03	
   2.3430000e+03	   8.8457440e-04	
   2.3440000e+03	   1.0317962e-03	
   2.3450000e+03	   1.6073568e-02	
   2.3460000e+03	   9.0196213e-03	
   2.3470000e+03	   2.0499821e-03	
   2.3480000e+03	   1.4192747e-03	
   2.3490000e+03	   1.0018544e-05	
   2.3500000e+03	   3.1996207e-03	
   2.3510000e+03	   1.5855018e-03	
   2.3520000e+03	   6.8239953e-03	
   2.3530000e+03	   4.1565953e-03	
   2.3540000e+03	   2.1008699e-03	
   2.3550000e+03	   3.5488851e-03	
   2.3560000e+03	   1.3405507e-03	
   2.3570000e+03	   5.6937091e-04	
   2.3580000e+03	   8.4004059e-03	
   2.3590000e+03	   6.6882508e-04	
   2.3600000e+03	   2.7698648e-03	
   2.3610000e+03	   3.7084514e-03	
   2.3620000e+03	   6.1791616e-03	
   2.3630000e+03	   2.1728987e-03	
   2.3640000e+03	   5.7661569e-04	
   2.3650000e+03	   2.0260331e-03	
   2.3660000e+03	   3.0990807e-03	
   2.3670000e+03	   1.3559120e-03	
   2.3680000e+03	   2.0476534e-03	
   2.3690000e+03	   1.6546661e-03	
   2.3700000e+03	   6.4804494e-04	
   2.3710000e+03	   1.5651186e-02	
   2.3720000e+03	   5.4985588e-03	
   2.3730000e+03	   5.2666358e-03	
   2.3740000e+03	   1.6843118e-03	
   2.3750000e+03	   5.0019239e-03	
   2.3760000e+03	   1.0743257e-02	
   2.3770000e+03	   1.3928311e-02	
   2.3780000e+03	   8.8759320e-04	
   2.3790000e+03	   4.4056239e-03	
   2.3800000e+03	   8.3192605e-03	
   2.3810000e+03	   1.9372097e-03	
   2.3820000e+03	   1.6876651e-02	
   2.3830000e+03	   8.1634548e-03	
   2.3840000e+03	   1.6224979e-03	
   2.3850000e+03	   1.5365556e-02	
   2.3860000e+03	   2.6167247e-03	
   2.3870000e+03	   2.0179470e-03	
   2.3880000e+03	   4.0321384e-03	
   2.3890000e+03	   1.8331215e-02	
   2.3900000e+03	   4.5088145e-03	
   2.3910000e+03	   8.8972161e-04	
   2.3920000e+03	   4.4212140e-03	
   2.3930000e+03	   5.8417281e-03	
   2.3940000e+03	   1.2388330e-03	
   2.3950000e+03	   1.8119329e-04	
   2.3960000e+03	   1.6584389e-02	
   2.3970000e+03	   1.8380628e-03	
   2.3980000e+03	   3.4032532e-03	
   2.3990000e+03	   1.7014227e-03	
   2.4000000e+03	   5.1511978e-03	
   2.4010000e+03	   1.2803280e-04	
   2.4020000e+03	   1.5967536e-02	
   2.4030000e+03	   2.9010475e-02	
   2.4040000e+03	   1.9813137e-03	
   2.4050000e+03	   2.1313259e-03	
   2.4060000e+03	   1.3449304e-03	
   2.4070000e+03	   1.4534772e-03	
   2.4080000e+03	   1.7648590e-02	
   2.4090000e+03	   9.1025628e-03	
   2.4100000e+03	   1.4718327e-03	
   2.4110000e+03	   2.5144611e-03	
   2.4120000e+03	   2.0014196e-02	
   2.4130000e+03	   1.3423570e-02	
   2.4140000e+03	   1.0181418e-02	
   2.4150000e+03	   6.1274923e-04	
   2.4160000e+03	   2.0439609e-03	
   2.4170000e+03	   2.9949350e-03	
   2.4180000e+03	   2.9074842e-02	
   2.4190000e+03	   1.6747131e-03	
   2.4200000e+03	   5.9986687e-03	
   2.4210000e+03	   3.1361836e-03	
   2.4220000e+03	   6.9297548e-03	
   2.4230000e+03	   5.5119294e-03	
   2.4240000e+03	   8.6031022e-03	
   2.4250000e+03	   7.0542427e-04	
   2.4260000e+03	   2.4656435e-03	
   2.4270000e+03	   3.4443833e-05	
   2.4280000e+03	   4.3144174e-03	
   2.4290000e+03	   4.2046761e-03	
   2.4300000e+03	   2.0569325e-03	
   2.4310000e+03	   3.2064331e-03	
   2.4320000e+03	   3.9350322e-03	
   2.4330000e+03	   1.1213652e-02	
   2.4340000e+03	   4.7942674e-04	
   2.4350000e+03	   1.3055463e-03	
   2.4360000e+03	   8.9192604e-03	
   2.4370000e+03	   2.0809811e-03	
   2.4380000e+03	   3.3139253e-04	
   2.4390000e+03	   4.7144608e-03	
   2.4400000e+03	   1.7067942e-03	
   2.4410000e+03	   7.0924417e-04	
   2.4420000e+03	   2.6222185e-02	
   2.4430000e+03	   2.0351001e-03	
   2.4440000e+03	   1.1438510e-04	
   2.4450000e+03	   8.1513394e-03	
   2.4460000e+03	   2.4052765e-03	
   2.4470000e+03	   9.2343000e-03	
   2.4480000e+03	   3.9123820e-03	
   2.4490000e+03	   3.4874764e-03	
   2.4500000e+03	   3.5960002e-03	
   2.4510000e+03	   3.5541162e-03	
   2.4520000e+03	   7.9581427e-03	
   2.4530000e+03	   9.4561973e-03	
   2.4540000e+03	   7.4890469e-03	
   2.4550000e+03	   8.2354610e-03	
   2.4560000e+03	   1.1690812e-03	
   2.4570000e+03	   1.2154593e-03	
   2.4580000e+03	   4.2145698e-04	
   2.4590000e+03	   1.0172022e-02	
   2.4600000e+03	   1.3702988e-02	
   2.4610000e+03	   2.4277444e-03	
   2.4620000e+03	   7.5370102e-03	
   2.4630000e+03	   1.5568301e-03	
   2.4640000e+03	   4.6555964e-03	
   2.4650000e+03	   6.5471155e-03	
   2.4660000e+03	   2.9919520e-04	
   2.4670000e+03	   5.0499833e-03	
   2.4680000e+03	   1.8580704e-03	
   2.4690000e+03	   6.6579902e-04	
   2.4700000e+03	   9.3473939e-03	
   2.4710000e+03	   1.2214196e-03	
   2.4720000e+03	   3.5643599e-03	
   2.4730000e+03	   9.7454380e-05	
   2.4740000e+03	   4.6440037e-03	
   2.4750000e+03	   9.1982672e-03	
   2.4760000e+03	   4.7276969e-03	
   2.4770000e+03	   2.6773362e-03	
   2.4780000e+03	   3.4888222e-03	
   2.4790000e+03	   8.5466478e-03	
   2.4800000e+03	   7.5859193e-03	
   2.4810000e+03	   3.3591782e-04	
   2.4820000e+03	   1.7806763e-02	
   2.4830000e+03	   7.6176706e-04	
   2.4840000e+03	   1.4961892e-02	
   2.4850000e+03	   1.9677240e-04	
   2.4860000e+03	   4.4091689e-04	
   2.4870000e+03	   1.5858814e-03	
   2.4880000e+03	   8.9518764e-05	
   2.4890000e+03	   6.0012557e-03	
   2.4900000e+03	   4.3583500e-03	
   2.4910000e+03	   2.3209273e-04	
   2.4920000e+03	   4.1612581e-03	
   2.4930000e+03	   2.6256554e-02	
   2.4940000e+03	   3.8717741e-04	
   2.4950000e+03	   1.0346037e-02	
   2.4960000e+03	   8.3058495e-03	
   2.4970000e+03	   2.3296320e-04	
   2.4980000e+03	   1.0154064e-02	
   2.4990000e+03	   9.5237641e-03	
   2.5000000e+03	   1.8630096e-03	
   2.5010000e+03	   9.6396380e-03	
   2.5020000e+03	   1.6647228e-02	
   2.5030000e+03	   7.1546053e-03	
   2.5040000e+03	   2.5966719e-03	
   2.5050000e+03	   1.4928375e-02	
   2.5060000e+03	   3.7119776e-04	
   2.5070000e+03	   3.0533601e-03	
   2.5080000e+03	   2.0497826e-04	
   2.5090000e+03	   5.5415985e-03	
   2.5100000e+03	   3.9812261e-04	
   2.5110000e+03	   5.6395587e-03	
   2.5120000e+03	   4.4900452e-03	
   2.5130000e+03	   1.3665784e-02	
   2.5140000e+03	   9.8781715e-03	
   2.5150000e+03	   5.4469417e-03	
   2.5160000e+03	   1.0924424e-03	
   2.5170000e+03	   3.8302090e-03	
   2.5180000e+03	   4.2709229e-03	
   2.5190000e+03	   2.6062859e-03	
   2.5200000e+03	   3.5525458e-03	
   2.5210000e+03	   7.1835803e-03	
   2.5220000e+03	   9.7643026e-04	
   2.5230000e+03	   4.8333427e-03	
   2.5240000e+03	   7.2589830e-04	
   2.5250000e+03	   9.7115203e-03	
   2.5260000e+03	   3.7825820e-03	
   2.5270000e+03	   3.9006888e-03	
   2.5280000e+03	   7.1685322e-04	
   2.5290000e+03	   3.3305580e-03	
   2.5300000e+03	   5.0829621e-03	
   2.5310000e+03	   4.1443894e-04	
   2.5320000e+03	   3.5906526e-03	
   2.5330000e+03	   4.0184337e-03	
   2.5340000e+03	   2.4821706e-04	
   2.5350000e+03	   3.7704827e-03	
   2.5360000e+03	   3.9296029e-03	
   2.5370000e+03	   3.6937813e-03	
   2.5380000e+03	   2.5452682e-03	
   2.5390000e+03	   5.1851386e-03	
   2.5400000e+03	   2.6605169e-04	
   2.5410000e+03	   1.7456972e-03	
   2.5420000e+03	   1.4202111e-02	
   2.5430000e+03	   1.5069324e-03	
   2.5440000e+03	   1.8111713e-03	
   2.5450000e+03	   2.9615105e-03	
   2.5460000e+03	   5.6366327e-03	
   2.5470000e+03	   6.2045563e-04	
   2.5480000e+03	   6.3916604e-03	
   2.5490000e+03	   8.7017630e-03	
   2.5500000e+03	   9.9045056e-04	
   2.5510000e+03	   4.1942730e-03	
   2.5520000e+03	   1.8527612e-03	
   2.5530000e+03	   1.4138665e-02	
   2.5540000e+03	   1.0628778e-04	
   2.5550000e+03	   3.4756413e-04	
   2.5560000e+03	   7.1598926e-03	
   2.5570000e+03	   2.7521439e-03	
   2.5580000e+03	   2.3056608e-03	
   2.5590000e+03	   6.2886875e-03	
   2.5600000e+03	   1.1554038e-02	
   2.5610000e+03	   2.4251979e-03	
   2.5620000e+03	   1.0907101e-02	
   2.5630000e+03	   1.2394077e-03	
   2.5640000e+03	   1.7925662e-02	
   2.5650000e+03	   5.7973663e-03	
   2.5660000e+03	   1.0595132e-03	
   2.5670000e+03	   3.9613434e-03	
   2.5680000e+03	   8.1710199e-04	
   2.5690000e+03	   5.1908176e-03	
   2.5700000e+03	   9.9999299e-03	
   2.5710000e+03	   1.4824245e-02	
   2.5720000e+03	   6.2367523e-03	
   2.5730000e+03	   3.3738385e-03	
   2.5740000e+03	   1.0677136e-02	
   2.5750000e+03	   7.8790915e-03	
   2.5760000e+03	   1.1002136e-02	
   2.5770000e+03	   2.8895402e-03	
   2.5780000e+03	   5.2212258e-03	
   2.5790000e+03	   1.9455637e-03	
   2.5800000e+03	   1.2388657e-03	
   2.5810000e+03	   4.6810718e-03	
   2.5820000e+03	   8.0792820e-03	
   2.5830000e+03	   4.2682358e-03	
   2.5840000e+03	   9.8469879e-04	
   2.5850000e+03	   7.2138606e-03	
   2.5860000e+03	   6.9610296e-03	
   2.5870000e+03	   2.2946854e-03	
   2.5880000e+03	   5.9456232e-03	
   2.5890000e+03	   1.1784713e-04	
   2.5900000e+03	   1.4986203e-02	
   2.5910000e+03	   3.4982335e-03	
   2.5920000e+03	   7.3122844e-03	
   2.5930000e+03	   4.2767259e-03	
   2.5940000e+03	   1.5482346e-02	
   2.5950000e+03	   6.6417080e-03	
   2.5960000e+03	   8.3228218e-04	
   2.5970000e+03	   5.2044944e-04	
   2.5980000e+03	   8.0387118e-04	
   2.5990000e+03	   1.5900289e-02	
   2.6000000e+03	   1.0679153e-02	
   2.6010000e+03	   5.3859358e-03	
   2.6020000e+03	   5.0046816e-04	
   2.6030000e+03	   8.1033985e-03	
   2.6040000e+03	   4.8971808e-03	
   2.6050000e+03	   1.4015038e-03	
   2.6060000e+03	   2.3680045e-03	
   2.6070000e+03	   2.2393319e-03	
   2.6080000e+03	   2.4429655e-03	
   2.6090000e+03	   9.3112259e-03	
   2.6100000e+03	   9.8409685e-03	
   2.6110000e+03	   9.0660981e-03	
   2.6120000e+03	   3.0877091e-03	
   2.6130000e+03	   3.3700538e-03	
   2.6140000e+03	   4.9029817e-03	
   2.6150000e+03	   1.1179516e-02	
   2.6160000e+03	   2.8581002e-03	
   2.6170000e+03	   1.0927650e-02	
   2.6180000e+03	   8.6648475e-04	
   2.6190000e+03	   3.4178415e-03	
   2.6200000e+03	   2.2143194e-03	
   2.6210000e+03	   8.4349493e-03	
   2.6220000e+03	   4.4026739e-03	
   2.6230000e+03	   2.6248240e-03	
   2.6240000e+03	   7.8237877e-03	
   2.6250000e+03	   7.3780045e-03	
   2.6260000e+03	   1.8388564e-03	
   2.6270000e+03	   8.5690943e-04	
   2.6280000e+03	   4.4794397e-03	
   2.6290000e+03	   3.4308508e-03	
   2.6300000e+03	   4.5504627e-03	
   2.6310000e+03	   6.2592532e-04	
   2.6320000e+03	   1.9313775e-02	
   2.6330000e+03	   7.1242483e-04	
   2.6340000e+03	   6.2195171e-04	
   2.6350000e+03	   5.4965961e-03	
   2.6360000e+03	   6.4164669e-03	
   2.6370000e+03	   1.8538415e-03	
   2.6380000e+03	   3.1071699e-03	
   2.6390000e+03	   1.7885637e-04	
   2.6400000e+03	   1.0931443e-02	
   2.6410000e+03	   4.9667781e-03	
   2.6420000e+03	   2.0457694e-04	
   2.6430000e+03	   8.7398816e-04	
   2.6440000e+03	   2.9698043e-04	
   2.6450000e+03	   1.2458966e-02	
   2.6460000e+03	   1.6804883e-03	
   2.6470000e+03	   3.7164190e-03	
   2.6480000e+03	   2.4207203e-04	
   2.6490000e+03	   2.4937093e-03	
   2.6500000e+03	   2.2650750e-03	
   2.6510000e+03	   2.0567140e-03	
   2.6520000e+03	   1.7582786e-03	
   2.6530000e+03	   1.0718658e-03	
   2.6540000e+03	   2.5423736e-03	
   2.6550000e+03	   6.2161762e-04	
   2.6560000e+03	   1.3180411e-03	
   2.6570000e+03	   2.2814876e-03	
   2.6580000e+03	   1.4334327e-02	
   2.6590000e+03	   7.5478280e-04	
   2.6600000e+03	   4.4398356e-03	
   2.6610000e+03	   6.1443984e-03	
   2.6620000e+03	   2.4272977e-03	
   2.6630000e+03	   5.2177277e-03	
   2.6640000e+03	   4.1269065e-03	
   2.6650000e+03	   5.2802751e-03	
   2.6660000e+03	   1.1301131e-03	
   2.6670000e+03	   2.8645718e-04	
   2.6680000e+03	   3.6865133e-03	
   2.6690000e+03	   3.2873049e-03	
   2.6700000e+03	   2.5780893e-04	
   2.6710000e+03	   1.5741376e-03	
   2.6720000e+03	   8.5504743e-03	
   2.6730000e+03	   4.1637035e-05	
   2.6740000e+03	   1.1045099e-02	
   2.6750000e+03	   6.1589266e-03	
   2.6760000e+03	   7.6278497e-04	
   2.6770000e+03	   1.2629046e-03	
   2.6780000e+03	   1.1493814e-03	
   2.6790000e+03	   1.5910722e-02	
   2.6800000e+03	   3.8167586e-03	
   2.6810000e+03	   7.5815095e-04	
   2.6820000e+03	   8.9252293e-04	
   2.6830000e+03	   6.0401853e-03	
   2.6840000e+03	   7.9055333e-03	
   2.6850000e+03	   9.3126631e-03	
   2.6860000e+03	   2.8560768e-03	
   2.6870000e+03	   1.0911380e-02	
   2.6880000e+03	   3.0742282e-03	
   2.6890000e+03	   1.4665576e-02	
   2.6900000e+03	   5.7688997e-03	
   2.6910000e+03	   1.3097516e-02	
   2.6920000e+03	   4.5581774e-03	
   2.6930000e+03	   2.1461365e-03	
   2.6940000e+03	   3.7952363e-03	
   2.6950000e+03	   3.1200477e-04	
   2.6960000e+03	   2.2723437e-03	
   2.6970000e+03	   5.2714672e-04	
   2.6980000e+03	   8.1092425e-03	
   2.6990000e+03	   5.9623232e-03	
   2.7000000e+03	   8.0089145e-03	
   2.7010000e+03	   1.8170352e-03	
   2.7020000e+03	   3.3871359e-05	
   2.7030000e+03	   1.7076833e-02	
   2.7040000e+03	   4.0593247e-03	
   2.7050000e+03	   1.2156680e-02	
   2.7060000e+03	   7.4922694e-03	
   2.7070000e+03	   7.0939561e-04	
   2.7080000e+03	   8.0711006e-03	
   2.7090000e+03	   3.4150810e-03	
   2.7100000e+03	   4.3748104e-04	
   2.7110000e+03	   2.5425198e-03	
   2.7120000e+03	   1.4995704e-02	
   2.7130000e+03	   1.3543925e-03	
   2.7140000e+03	   4.4083283e-03	
   2.7150000e+03	   6.8132070e-03	
   2.7160000e+03	   5.6548625e-04	
   2.7170000e+03	   1.8788480e-03	
   2.7180000e+03	   1.0756864e-02	
   2.7190000e+03	   3.5398399e-03	
   2.7200000e+03	   3.8280537e-03	
   2.7210000e+03	   9.7183023e-04	
   2.7220000e+03	   3.0423174e-03	
   2.7230000e+03	   4.7568775e-03	
   2.7240000e+03	   8.2530083e-04	
   2.7250000e+03	   1.6351614e-04	
   2.7260000e+03	   1.1405216e-04	
   2.7270000e+03	   2.7422433e-03	
   2.7280000e+03	   1.9046056e-02	
   2.7290000e+03	   9.1957177e-03	
   2.7300000e+03	   7.7188801e-03	
   2.7310000e+03	   6.5782355e-03	
   2.7320000e+03	   4.4921695e-03	
   2.7330000e+03	   6.1449504e-04	
   2.7340000e+03	   6.1124772e-04	
   2.7350000e+03	   2.2037889e-03	
   2.7360000e+03	   9.9981542e-03	
   2.7370000e+03	   7.6469348e-03	
   2.7380000e+03	   2.9751254e-04	
   2.7390000e+03	   1.9600281e-03	
   2.7400000e+03	   1.3297593e-02	
   2.7410000e+03	   3.4601194e-03	
   2.7420000e+03	   2.6916465e-03	
   2.7430000e+03	   1.1456444e-03	
   2.7440000e+03	   1.1566346e-02	
   2.7450000e+03	   1.7074041e-03	
   2.7460000e+03	   1.0280232e-02	
   2.7470000e+03	   1.9807126e-03	
   2.7480000e+03	   3.5528230e-03	
   2.7490000e+03	   8.1852933e-03	
   2.7500000e+03	   3.6999237e-04	
   2.7510000e+03	   1.4816565e-03	
   2.7520000e+03	   1.0880743e-03	
