   0.0000000e+00	   3.8943328e-23	
   1.0000000e+00	   2.3130230e+05	
   2.0000000e+00	   3.2726678e+05	
   3.0000000e+00	   2.6752106e+04	
   4.0000000e+00	   2.8120233e+05	
   5.0000000e+00	   7.4071984e+04	
   6.0000000e+00	   8.1357223e+05	
   7.0000000e+00	   4.1265824e+06	
   8.0000000e+00	   7.9720948e+04	
   9.0000000e+00	   1.1390201e+05	
   1.0000000e+01	   3.8693955e+05	
   1.1000000e+01	   1.7631023e+05	
   1.2000000e+01	   1.0648343e+05	
   1.3000000e+01	   1.0617719e+05	
   1.4000000e+01	   7.6928665e+05	
   1.5000000e+01	   8.9964966e+05	
   1.6000000e+01	   1.1634411e+05	
   1.7000000e+01	   1.2099750e+05	
   1.8000000e+01	   5.4035295e+05	
   1.9000000e+01	   8.2619936e+04	
   2.0000000e+01	   1.9032494e+04	
   2.1000000e+01	   9.4381017e+04	
   2.2000000e+01	   1.8422365e+05	
   2.3000000e+01	   5.2604192e+04	
   2.4000000e+01	   7.7382112e+04	
   2.5000000e+01	   5.5933312e+04	
   2.6000000e+01	   4.1073290e+04	
   2.7000000e+01	   5.9136617e+04	
   2.8000000e+01	   4.1086888e+04	
   2.9000000e+01	   1.8602977e+04	
   3.0000000e+01	   2.6081180e+04	
   3.1000000e+01	   5.0730816e+04	
   3.2000000e+01	   7.5828517e+03	
   3.3000000e+01	   6.0118039e+04	
   3.4000000e+01	   9.5553065e+03	
   3.5000000e+01	   1.1528612e+04	
   3.6000000e+01	   6.2946535e+04	
   3.7000000e+01	   6.8575913e+04	
   3.8000000e+01	   4.8056193e+04	
   3.9000000e+01	   1.5804690e+04	
   4.0000000e+01	   6.7423259e+04	
   4.1000000e+01	   4.0156464e+03	
   4.2000000e+01	   7.7151003e+03	
   4.3000000e+01	   6.5074339e+03	
   4.4000000e+01	   5.8003813e+04	
   4.5000000e+01	   1.0026265e+04	
   4.6000000e+01	   4.6024989e+03	
   4.7000000e+01	   5.7275341e+03	
   4.8000000e+01	   1.8683326e+04	
   4.9000000e+01	   3.3911873e+04	
   5.0000000e+01	   4.0295799e+04	
   5.1000000e+01	   2.3742533e+02	
   5.2000000e+01	   5.1884310e+03	
   5.3000000e+01	   4.4643984e+04	
   5.4000000e+01	   3.2862683e+04	
   5.5000000e+01	   2.4956941e+04	
   5.6000000e+01	   5.3081133e+03	
   5.7000000e+01	   4.5398505e+04	
   5.8000000e+01	   2.2549411e+03	
   5.9000000e+01	   2.2893109e+04	
   6.0000000e+01	   5.9696376e+03	
   6.1000000e+01	   5.9649177e+03	
   6.2000000e+01	   2.8289242e+04	
   6.3000000e+01	   5.1257413e+04	
   6.4000000e+01	   5.4400324e+03	
   6.5000000e+01	   4.6231252e+04	
   6.6000000e+01	   2.4537569e+04	
   6.7000000e+01	   1.3950262e+04	
   6.8000000e+01	   1.2419976e+04	
   6.9000000e+01	   8.4325265e+03	
   7.0000000e+01	   1.8875296e+04	
   7.1000000e+01	   1.4160911e+04	
   7.2000000e+01	   7.0572424e+02	
   7.3000000e+01	   2.6254667e+03	
   7.4000000e+01	   6.2305084e+03	
   7.5000000e+01	   4.5913484e+04	
   7.6000000e+01	   2.4990069e+04	
   7.7000000e+01	   7.7101168e+03	
   7.8000000e+01	   1.0359121e+03	
   7.9000000e+01	   7.1253734e+03	
   8.0000000e+01	   8.5876071e+03	
   8.1000000e+01	   5.8305909e+03	
   8.2000000e+01	   3.1250007e+04	
   8.3000000e+01	   1.4095072e+03	
   8.4000000e+01	   9.5575156e+03	
   8.5000000e+01	   1.3044650e+03	
   8.6000000e+01	   9.5902905e+03	
   8.7000000e+01	   4.9724553e+01	
   8.8000000e+01	   3.4099988e+03	
   8.9000000e+01	   4.4932215e+03	
   9.0000000e+01	   1.1858432e+04	
   9.1000000e+01	   3.2368855e+03	
   9.2000000e+01	   1.1194712e+04	
   9.3000000e+01	   1.9620114e+02	
   9.4000000e+01	   5.6610692e+03	
   9.5000000e+01	   7.8321039e+03	
   9.6000000e+01	   3.7020490e+03	
   9.7000000e+01	   8.4028375e+03	
   9.8000000e+01	   6.0086378e+03	
   9.9000000e+01	   9.7185282e+01	
   1.0000000e+02	   1.7892760e+04	
   1.0100000e+02	   1.3300983e+04	
   1.0200000e+02	   8.3257270e+03	
   1.0300000e+02	   2.5226413e+03	
   1.0400000e+02	   4.8621042e+02	
   1.0500000e+02	   2.8996101e+03	
   1.0600000e+02	   3.5572507e+03	
   1.0700000e+02	   4.8774818e+03	
   1.0800000e+02	   1.8408735e+04	
   1.0900000e+02	   9.1778786e+03	
   1.1000000e+02	   2.0700849e+04	
   1.1100000e+02	   7.1687872e+03	
   1.1200000e+02	   1.2506975e+03	
   1.1300000e+02	   1.4530096e+04	
   1.1400000e+02	   3.3745176e+03	
   1.1500000e+02	   1.4630806e+02	
   1.1600000e+02	   8.8024178e+03	
   1.1700000e+02	   8.4257616e+03	
   1.1800000e+02	   1.2429950e+04	
   1.1900000e+02	   1.3468408e+03	
   1.2000000e+02	   3.2044523e+03	
   1.2100000e+02	   8.1644992e+02	
   1.2200000e+02	   1.6037991e+03	
   1.2300000e+02	   1.1540543e+04	
   1.2400000e+02	   2.7320687e+04	
   1.2500000e+02	   2.9585323e+03	
   1.2600000e+02	   3.5752297e+03	
   1.2700000e+02	   9.1393082e+03	
   1.2800000e+02	   1.0663846e+04	
   1.2900000e+02	   1.0107173e+04	
   1.3000000e+02	   6.7969259e+03	
   1.3100000e+02	   7.5276335e+03	
   1.3200000e+02	   1.9274860e+03	
   1.3300000e+02	   3.3992310e+03	
   1.3400000e+02	   3.9132792e+03	
   1.3500000e+02	   1.0750841e+04	
   1.3600000e+02	   1.2527259e+04	
   1.3700000e+02	   5.5942351e+03	
   1.3800000e+02	   1.7227957e+04	
   1.3900000e+02	   8.2619637e+02	
   1.4000000e+02	   6.8247283e+02	
   1.4100000e+02	   5.7007782e+03	
   1.4200000e+02	   1.2477311e+04	
   1.4300000e+02	   2.3789983e+03	
   1.4400000e+02	   7.5785305e+03	
   1.4500000e+02	   4.2770384e+03	
   1.4600000e+02	   7.2794742e+02	
   1.4700000e+02	   5.3541462e+03	
   1.4800000e+02	   9.3365896e+03	
   1.4900000e+02	   4.5337308e+02	
   1.5000000e+02	   1.5747543e+03	
   1.5100000e+02	   7.9008907e+03	
   1.5200000e+02	   6.0835062e+03	
   1.5300000e+02	   1.1138790e+04	
   1.5400000e+02	   1.4213489e+04	
   1.5500000e+02	   5.3397047e+03	
   1.5600000e+02	   1.6052557e+04	
   1.5700000e+02	   8.2249799e+03	
   1.5800000e+02	   1.6330968e+03	
   1.5900000e+02	   4.3943324e+02	
   1.6000000e+02	   7.1589800e+03	
   1.6100000e+02	   5.9707927e+03	
   1.6200000e+02	   3.7722162e+04	
   1.6300000e+02	   8.1031703e+03	
   1.6400000e+02	   1.8110287e+03	
   1.6500000e+02	   5.6980679e+03	
   1.6600000e+02	   5.0902640e+02	
   1.6700000e+02	   1.4437743e+03	
   1.6800000e+02	   1.7733785e+03	
   1.6900000e+02	   2.6689431e+03	
   1.7000000e+02	   1.0304405e+04	
   1.7100000e+02	   2.9561094e+03	
   1.7200000e+02	   1.9742446e+03	
   1.7300000e+02	   1.3499095e+03	
   1.7400000e+02	   1.3259286e+03	
   1.7500000e+02	   3.1684792e+03	
   1.7600000e+02	   9.9640342e+01	
   1.7700000e+02	   1.3063421e+03	
   1.7800000e+02	   2.9145739e+02	
   1.7900000e+02	   2.4659833e+02	
   1.8000000e+02	   6.3109299e+03	
   1.8100000e+02	   2.5365719e+03	
   1.8200000e+02	   1.8329427e+03	
   1.8300000e+02	   1.9485907e+03	
   1.8400000e+02	   4.7937140e+02	
   1.8500000e+02	   2.8121148e+03	
   1.8600000e+02	   3.7925933e+03	
   1.8700000e+02	   3.7849277e+02	
   1.8800000e+02	   3.6515546e+03	
   1.8900000e+02	   7.8718714e+02	
   1.9000000e+02	   1.2354174e+03	
   1.9100000e+02	   1.1622423e+03	
   1.9200000e+02	   2.5295182e+03	
   1.9300000e+02	   2.1383112e+02	
   1.9400000e+02	   8.0122066e+03	
   1.9500000e+02	   1.3823304e+03	
   1.9600000e+02	   1.3587176e+03	
   1.9700000e+02	   5.8276715e+02	
   1.9800000e+02	   5.6702016e+03	
   1.9900000e+02	   3.2449064e+03	
   2.0000000e+02	   6.4645869e+02	
   2.0100000e+02	   4.8406761e+03	
   2.0200000e+02	   4.2371958e+03	
   2.0300000e+02	   2.6675182e+03	
   2.0400000e+02	   6.0328425e+02	
   2.0500000e+02	   3.3702740e+02	
   2.0600000e+02	   1.8183727e+03	
   2.0700000e+02	   6.7406618e+02	
   2.0800000e+02	   2.0703399e+03	
   2.0900000e+02	   3.5391033e+03	
   2.1000000e+02	   3.2119395e+02	
   2.1100000e+02	   4.2824353e+02	
   2.1200000e+02	   2.4579133e+03	
   2.1300000e+02	   4.1843898e+03	
   2.1400000e+02	   9.3535195e+02	
   2.1500000e+02	   1.7182539e+02	
   2.1600000e+02	   8.4038252e+02	
   2.1700000e+02	   4.8350917e+02	
   2.1800000e+02	   5.4628261e+02	
   2.1900000e+02	   8.0580294e+03	
   2.2000000e+02	   1.1062076e+03	
   2.2100000e+02	   9.3616080e+02	
   2.2200000e+02	   1.4780575e+03	
   2.2300000e+02	   6.0506809e+02	
   2.2400000e+02	   8.6296264e+02	
   2.2500000e+02	   9.3375367e+02	
   2.2600000e+02	   8.2862425e+02	
   2.2700000e+02	   1.0251382e+03	
   2.2800000e+02	   7.2316626e+02	
   2.2900000e+02	   5.0240117e+02	
   2.3000000e+02	   7.1009518e+02	
   2.3100000e+02	   1.0367686e+03	
   2.3200000e+02	   3.4022817e+02	
   2.3300000e+02	   2.7371786e+02	
   2.3400000e+02	   3.0902848e+03	
   2.3500000e+02	   4.0161535e+02	
   2.3600000e+02	   5.6104080e+02	
   2.3700000e+02	   4.3076146e+03	
   2.3800000e+02	   3.5657163e+03	
   2.3900000e+02	   1.0783825e+03	
   2.4000000e+02	   1.2585242e+02	
   2.4100000e+02	   1.2387901e+03	
   2.4200000e+02	   1.1025499e+03	
   2.4300000e+02	   7.9767783e+02	
   2.4400000e+02	   2.5255733e+03	
   2.4500000e+02	   1.0881710e+03	
   2.4600000e+02	   1.5071013e+03	
   2.4700000e+02	   9.4611180e+02	
   2.4800000e+02	   2.5159512e+02	
   2.4900000e+02	   4.4146752e+03	
   2.5000000e+02	   1.4286363e+03	
   2.5100000e+02	   8.1111398e+02	
   2.5200000e+02	   4.1442196e+02	
   2.5300000e+02	   7.4709630e+02	
   2.5400000e+02	   1.4017933e+03	
   2.5500000e+02	   6.7798022e+02	
   2.5600000e+02	   8.3976812e+02	
   2.5700000e+02	   2.2999679e+03	
   2.5800000e+02	   1.8233709e+03	
   2.5900000e+02	   1.4175435e+03	
   2.6000000e+02	   5.0446421e+02	
   2.6100000e+02	   2.9347179e+03	
   2.6200000e+02	   2.0993073e+03	
   2.6300000e+02	   2.6491102e+03	
   2.6400000e+02	   1.4070273e+03	
   2.6500000e+02	   2.4678625e+03	
   2.6600000e+02	   1.2885177e+03	
   2.6700000e+02	   2.9780285e+03	
   2.6800000e+02	   1.4340120e+03	
   2.6900000e+02	   1.6096780e+01	
   2.7000000e+02	   4.6503945e+02	
   2.7100000e+02	   6.2782000e+02	
   2.7200000e+02	   3.3834928e+02	
   2.7300000e+02	   1.6627512e+03	
   2.7400000e+02	   8.9543516e+02	
   2.7500000e+02	   3.0805672e+03	
   2.7600000e+02	   3.6905564e+02	
   2.7700000e+02	   3.4899820e+02	
   2.7800000e+02	   2.2587782e+01	
   2.7900000e+02	   2.5585316e+03	
   2.8000000e+02	   1.0735755e+02	
   2.8100000e+02	   1.3633980e+03	
   2.8200000e+02	   1.0089869e+02	
   2.8300000e+02	   4.5287567e+03	
   2.8400000e+02	   3.7294636e+02	
   2.8500000e+02	   1.3794149e+03	
   2.8600000e+02	   2.1231282e+02	
   2.8700000e+02	   6.5134440e+01	
   2.8800000e+02	   7.5217577e+02	
   2.8900000e+02	   5.7265160e+02	
   2.9000000e+02	   4.2653956e+02	
   2.9100000e+02	   3.0006140e+03	
   2.9200000e+02	   1.1048430e+03	
   2.9300000e+02	   1.8170927e+03	
   2.9400000e+02	   7.0537642e+01	
   2.9500000e+02	   1.1142766e+03	
   2.9600000e+02	   4.1851077e+02	
   2.9700000e+02	   1.5759378e+03	
   2.9800000e+02	   1.0130425e+03	
   2.9900000e+02	   1.2743026e+03	
   3.0000000e+02	   1.8025335e+02	
   3.0100000e+02	   1.0425232e+03	
   3.0200000e+02	   3.5040417e+02	
   3.0300000e+02	   1.7420961e+03	
   3.0400000e+02	   2.9242019e+02	
   3.0500000e+02	   1.1865252e+03	
   3.0600000e+02	   1.5730737e+03	
   3.0700000e+02	   5.2448855e+02	
   3.0800000e+02	   7.5956653e+02	
   3.0900000e+02	   5.5565099e+02	
   3.1000000e+02	   1.4262081e+03	
   3.1100000e+02	   1.1957904e+03	
   3.1200000e+02	   1.0295172e+03	
   3.1300000e+02	   1.9722545e+02	
   3.1400000e+02	   7.8114559e+02	
   3.1500000e+02	   5.3871865e+02	
   3.1600000e+02	   9.7681353e+01	
   3.1700000e+02	   7.0948509e+01	
   3.1800000e+02	   1.3476992e+02	
   3.1900000e+02	   1.2664682e+03	
   3.2000000e+02	   1.8966227e+03	
   3.2100000e+02	   4.1365179e+02	
   3.2200000e+02	   5.0588265e+02	
   3.2300000e+02	   1.1590238e+03	
   3.2400000e+02	   1.1670010e+03	
   3.2500000e+02	   7.8263686e+02	
   3.2600000e+02	   5.9453286e+02	
   3.2700000e+02	   2.7088227e+02	
   3.2800000e+02	   1.3437414e+03	
   3.2900000e+02	   7.7976895e+02	
   3.3000000e+02	   1.3608414e+02	
   3.3100000e+02	   5.9846224e+02	
   3.3200000e+02	   9.5726295e+02	
   3.3300000e+02	   6.2980274e+02	
   3.3400000e+02	   1.3812388e+03	
   3.3500000e+02	   1.3833786e+01	
   3.3600000e+02	   5.3283495e+02	
   3.3700000e+02	   3.5062736e+02	
   3.3800000e+02	   3.6340825e+03	
   3.3900000e+02	   1.1153635e+03	
   3.4000000e+02	   2.6903670e+02	
   3.4100000e+02	   6.2310185e+02	
   3.4200000e+02	   1.5460923e+01	
   3.4300000e+02	   1.3887889e+03	
   3.4400000e+02	   2.7065154e+02	
   3.4500000e+02	   1.5694031e+02	
   3.4600000e+02	   2.0109197e+02	
   3.4700000e+02	   4.6764987e+01	
   3.4800000e+02	   1.8362323e+02	
   3.4900000e+02	   1.0306646e+03	
   3.5000000e+02	   4.6823518e+03	
   3.5100000e+02	   2.6251684e+03	
   3.5200000e+02	   6.6423690e+02	
   3.5300000e+02	   7.1387382e+02	
   3.5400000e+02	   4.2034601e+02	
   3.5500000e+02	   5.4647395e+02	
   3.5600000e+02	   1.5905012e+03	
   3.5700000e+02	   1.6424476e+02	
   3.5800000e+02	   4.2844028e+02	
   3.5900000e+02	   3.0317916e+03	
   3.6000000e+02	   2.3933870e+03	
   3.6100000e+02	   5.3849878e+02	
   3.6200000e+02	   2.0003694e+02	
   3.6300000e+02	   6.6971216e+02	
   3.6400000e+02	   1.1086057e+03	
   3.6500000e+02	   6.6147451e+02	
   3.6600000e+02	   1.8545038e+03	
   3.6700000e+02	   2.8023072e+02	
   3.6800000e+02	   2.6385718e+02	
   3.6900000e+02	   6.5346094e+02	
   3.7000000e+02	   1.3000752e+02	
   3.7100000e+02	   1.0441313e+02	
   3.7200000e+02	   7.4551671e+02	
   3.7300000e+02	   7.9604788e+01	
   3.7400000e+02	   1.1179064e+03	
   3.7500000e+02	   2.5959865e+03	
   3.7600000e+02	   1.8306212e+03	
   3.7700000e+02	   2.2056366e+03	
   3.7800000e+02	   1.3142172e+04	
   3.7900000e+02	   6.8066966e+03	
   3.8000000e+02	   1.7307550e+02	
   3.8100000e+02	   1.2357872e+03	
   3.8200000e+02	   7.8587864e+02	
   3.8300000e+02	   2.1274118e+02	
   3.8400000e+02	   1.6960118e+03	
   3.8500000e+02	   5.4451719e+02	
   3.8600000e+02	   1.9492224e+02	
   3.8700000e+02	   2.4649279e+03	
   3.8800000e+02	   3.8410988e+02	
   3.8900000e+02	   2.4892533e+03	
   3.9000000e+02	   1.5226482e+02	
   3.9100000e+02	   9.6717183e+02	
   3.9200000e+02	   7.9744896e+02	
   3.9300000e+02	   3.1575647e+03	
   3.9400000e+02	   4.9478422e+02	
   3.9500000e+02	   1.7911112e+02	
   3.9600000e+02	   2.3748829e+02	
   3.9700000e+02	   4.6639645e+02	
   3.9800000e+02	   3.6489391e+01	
   3.9900000e+02	   4.0029971e+02	
   4.0000000e+02	   3.0227246e+02	
   4.0100000e+02	   2.8304167e+02	
   4.0200000e+02	   5.6630987e+01	
   4.0300000e+02	   2.9939111e+02	
   4.0400000e+02	   1.6678772e+02	
   4.0500000e+02	   6.3961778e+02	
   4.0600000e+02	   2.9446773e+01	
   4.0700000e+02	   7.4656092e+02	
   4.0800000e+02	   4.6478812e+02	
   4.0900000e+02	   6.1645712e+02	
   4.1000000e+02	   2.4924560e+02	
   4.1100000e+02	   2.3646423e+02	
   4.1200000e+02	   6.1731720e+02	
   4.1300000e+02	   9.5452094e+02	
   4.1400000e+02	   6.5312472e+02	
   4.1500000e+02	   4.9946419e+02	
   4.1600000e+02	   6.0700838e+02	
   4.1700000e+02	   4.5815865e+01	
   4.1800000e+02	   4.7611907e+02	
   4.1900000e+02	   6.9926414e+02	
   4.2000000e+02	   3.6976933e-01	
   4.2100000e+02	   1.2174078e+03	
   4.2200000e+02	   1.5275743e+03	
   4.2300000e+02	   1.3058444e+01	
   4.2400000e+02	   3.2810814e+02	
   4.2500000e+02	   6.2541437e+01	
   4.2600000e+02	   2.7710675e+01	
   4.2700000e+02	   1.1439962e+01	
   4.2800000e+02	   6.3961831e+01	
   4.2900000e+02	   5.0723531e+00	
   4.3000000e+02	   9.2841115e+02	
   4.3100000e+02	   1.5161572e+02	
   4.3200000e+02	   3.8825655e+02	
   4.3300000e+02	   7.0483127e+01	
   4.3400000e+02	   7.5237659e+01	
   4.3500000e+02	   7.7515762e+01	
   4.3600000e+02	   1.2576019e+02	
   4.3700000e+02	   2.8739601e+02	
   4.3800000e+02	   9.0905112e+02	
   4.3900000e+02	   1.0779371e+02	
   4.4000000e+02	   1.7449934e+02	
   4.4100000e+02	   3.5589743e+02	
   4.4200000e+02	   7.4663985e+02	
   4.4300000e+02	   2.2160451e-01	
   4.4400000e+02	   5.6124861e+01	
   4.4500000e+02	   2.0097366e+03	
   4.4600000e+02	   2.8690682e+02	
   4.4700000e+02	   9.7320045e+01	
   4.4800000e+02	   3.3206093e+02	
   4.4900000e+02	   1.4548690e+02	
   4.5000000e+02	   5.9687866e+02	
   4.5100000e+02	   6.7832394e+02	
   4.5200000e+02	   6.9578415e+01	
   4.5300000e+02	   6.1451441e+01	
   4.5400000e+02	   5.7309187e+02	
   4.5500000e+02	   6.1889340e+02	
   4.5600000e+02	   3.8806138e+02	
   4.5700000e+02	   1.5397898e+03	
   4.5800000e+02	   1.1217017e+02	
   4.5900000e+02	   2.5850416e+02	
   4.6000000e+02	   4.0331273e+02	
   4.6100000e+02	   1.2151256e+02	
   4.6200000e+02	   5.7823915e+02	
   4.6300000e+02	   7.5467263e+02	
   4.6400000e+02	   1.4465376e+03	
   4.6500000e+02	   1.0990939e+03	
   4.6600000e+02	   2.3031838e+02	
   4.6700000e+02	   2.5034606e+02	
   4.6800000e+02	   4.2751172e+02	
   4.6900000e+02	   2.4924709e+02	
   4.7000000e+02	   1.6017753e+03	
   4.7100000e+02	   5.7965069e+02	
   4.7200000e+02	   6.7957841e+02	
   4.7300000e+02	   8.9287694e+02	
   4.7400000e+02	   2.9440691e+02	
   4.7500000e+02	   9.1878412e+02	
   4.7600000e+02	   1.1852754e+03	
   4.7700000e+02	   4.4479553e+02	
   4.7800000e+02	   9.7536297e+01	
   4.7900000e+02	   5.1182227e+01	
   4.8000000e+02	   5.1106362e+02	
   4.8100000e+02	   5.6280248e+02	
   4.8200000e+02	   2.7711335e+02	
   4.8300000e+02	   5.6193902e+01	
   4.8400000e+02	   4.9821172e+02	
   4.8500000e+02	   4.3669468e+02	
   4.8600000e+02	   6.8806493e+01	
   4.8700000e+02	   1.0949256e+02	
   4.8800000e+02	   6.4566802e+01	
   4.8900000e+02	   3.1883568e+02	
   4.9000000e+02	   2.5635009e+02	
   4.9100000e+02	   2.7326078e+02	
   4.9200000e+02	   8.8377881e+02	
   4.9300000e+02	   2.4771595e+02	
   4.9400000e+02	   3.6030707e+02	
   4.9500000e+02	   5.8477659e+02	
   4.9600000e+02	   3.8871857e+02	
   4.9700000e+02	   8.3664826e+01	
   4.9800000e+02	   3.2961629e+02	
   4.9900000e+02	   5.1102027e+02	
   5.0000000e+02	   8.3830099e+01	
   5.0100000e+02	   6.1801770e+02	
   5.0200000e+02	   2.8139510e+02	
   5.0300000e+02	   4.2818872e+02	
   5.0400000e+02	   1.8615614e+02	
   5.0500000e+02	   4.7399917e+02	
   5.0600000e+02	   4.9540269e+02	
   5.0700000e+02	   1.9132690e+02	
   5.0800000e+02	   1.0095980e+03	
   5.0900000e+02	   6.7389126e+01	
   5.1000000e+02	   3.2030224e+02	
   5.1100000e+02	   1.4168969e+03	
   5.1200000e+02	   3.0424040e+02	
   5.1300000e+02	   4.8706755e+02	
   5.1400000e+02	   1.9627871e+02	
   5.1500000e+02	   4.4122554e+02	
   5.1600000e+02	   7.7024738e+01	
   5.1700000e+02	   4.4274381e+01	
   5.1800000e+02	   5.3815768e+02	
   5.1900000e+02	   3.1427833e+01	
   5.2000000e+02	   3.4321697e+02	
   5.2100000e+02	   1.8464292e+02	
   5.2200000e+02	   2.7705121e+02	
   5.2300000e+02	   2.3650747e+02	
   5.2400000e+02	   2.3259453e+02	
   5.2500000e+02	   1.9801064e+02	
   5.2600000e+02	   3.8752945e+02	
   5.2700000e+02	   1.8027730e+01	
   5.2800000e+02	   2.0673235e+02	
   5.2900000e+02	   2.6476034e+02	
   5.3000000e+02	   3.7657815e+01	
   5.3100000e+02	   3.4344356e+02	
   5.3200000e+02	   7.8635240e+02	
   5.3300000e+02	   5.2124613e+01	
   5.3400000e+02	   1.2884941e+02	
   5.3500000e+02	   5.3056034e+02	
   5.3600000e+02	   2.9180988e+02	
   5.3700000e+02	   1.4289133e+02	
   5.3800000e+02	   1.5329975e+02	
   5.3900000e+02	   6.0824050e+00	
   5.4000000e+02	   2.1695621e+01	
   5.4100000e+02	   1.8589803e+02	
   5.4200000e+02	   5.6457616e+02	
   5.4300000e+02	   1.7914985e+02	
   5.4400000e+02	   1.8563221e+02	
   5.4500000e+02	   1.3573602e+02	
   5.4600000e+02	   1.8525806e+02	
   5.4700000e+02	   8.3307181e+01	
   5.4800000e+02	   6.1257269e+02	
   5.4900000e+02	   1.4743815e+02	
   5.5000000e+02	   2.4569135e+02	
   5.5100000e+02	   1.2942166e+02	
   5.5200000e+02	   4.6720034e+02	
   5.5300000e+02	   4.0892214e+02	
   5.5400000e+02	   4.2464556e+02	
   5.5500000e+02	   2.4531342e+02	
   5.5600000e+02	   9.4094595e+01	
   5.5700000e+02	   2.8085453e+02	
   5.5800000e+02	   7.1327220e+01	
   5.5900000e+02	   6.7665000e+01	
   5.6000000e+02	   3.8675496e+01	
   5.6100000e+02	   1.8007189e+02	
   5.6200000e+02	   2.9132784e+02	
   5.6300000e+02	   1.1285606e+02	
   5.6400000e+02	   5.8552860e+02	
   5.6500000e+02	   4.2906626e+02	
   5.6600000e+02	   1.0593404e+02	
   5.6700000e+02	   2.3237962e+02	
   5.6800000e+02	   2.4319528e+01	
   5.6900000e+02	   9.2259140e+01	
   5.7000000e+02	   4.5274583e+02	
   5.7100000e+02	   6.6852361e+00	
   5.7200000e+02	   1.4038013e+02	
   5.7300000e+02	   4.2881859e+01	
   5.7400000e+02	   3.1687675e+02	
   5.7500000e+02	   1.7050228e+03	
   5.7600000e+02	   1.1124186e+00	
   5.7700000e+02	   1.2889659e+03	
   5.7800000e+02	   7.2769225e+02	
   5.7900000e+02	   7.4554536e+02	
   5.8000000e+02	   3.8912584e+02	
   5.8100000e+02	   7.8863232e+01	
   5.8200000e+02	   3.6867040e+01	
   5.8300000e+02	   5.8335896e+01	
   5.8400000e+02	   2.4667553e+02	
   5.8500000e+02	   3.3410143e+02	
   5.8600000e+02	   5.9092308e+02	
   5.8700000e+02	   6.2889742e+02	
   5.8800000e+02	   5.6247516e+01	
   5.8900000e+02	   9.9209708e+01	
   5.9000000e+02	   1.5321640e+01	
   5.9100000e+02	   2.5014066e+02	
   5.9200000e+02	   1.8028582e+02	
   5.9300000e+02	   4.5327980e+02	
   5.9400000e+02	   2.5294816e+02	
   5.9500000e+02	   2.3898134e+00	
   5.9600000e+02	   4.3548111e+01	
   5.9700000e+02	   2.1865607e+01	
   5.9800000e+02	   2.6965941e+02	
   5.9900000e+02	   3.5964028e+02	
   6.0000000e+02	   1.8336551e+02	
   6.0100000e+02	   8.7695492e+01	
   6.0200000e+02	   6.2334793e+00	
   6.0300000e+02	   3.4875245e+00	
   6.0400000e+02	   2.6684471e+02	
   6.0500000e+02	   6.2694735e+02	
   6.0600000e+02	   3.1723197e+01	
   6.0700000e+02	   8.3071304e+02	
   6.0800000e+02	   3.8465600e+02	
   6.0900000e+02	   2.3511010e+02	
   6.1000000e+02	   4.8718770e+01	
   6.1100000e+02	   7.1093622e+02	
   6.1200000e+02	   4.3522553e+02	
   6.1300000e+02	   3.7042577e+02	
   6.1400000e+02	   1.2059811e+02	
   6.1500000e+02	   2.5526530e+02	
   6.1600000e+02	   8.7265031e+01	
   6.1700000e+02	   1.6390628e+02	
   6.1800000e+02	   3.5956348e+01	
   6.1900000e+02	   1.9964166e+00	
   6.2000000e+02	   1.7704006e+00	
   6.2100000e+02	   1.4795094e+02	
   6.2200000e+02	   2.1471958e+02	
   6.2300000e+02	   4.3035667e+01	
   6.2400000e+02	   2.5978575e+00	
   6.2500000e+02	   6.6129203e+01	
   6.2600000e+02	   3.6505428e+02	
   6.2700000e+02	   4.7185510e+01	
   6.2800000e+02	   1.8404785e+02	
   6.2900000e+02	   3.9953014e+01	
   6.3000000e+02	   1.0116834e+02	
   6.3100000e+02	   6.7133021e+01	
   6.3200000e+02	   3.7649966e+02	
   6.3300000e+02	   2.0197895e+02	
   6.3400000e+02	   1.1794708e+02	
   6.3500000e+02	   6.0160354e+02	
   6.3600000e+02	   1.4444020e+02	
   6.3700000e+02	   3.0505797e+02	
   6.3800000e+02	   4.6761507e+01	
   6.3900000e+02	   9.8668359e+01	
   6.4000000e+02	   1.7438182e+02	
   6.4100000e+02	   1.9502419e+02	
   6.4200000e+02	   1.0293388e+01	
   6.4300000e+02	   5.6372848e+02	
   6.4400000e+02	   5.2182686e+01	
   6.4500000e+02	   1.8312826e+02	
   6.4600000e+02	   7.3776954e+01	
   6.4700000e+02	   7.6139606e+01	
   6.4800000e+02	   2.2369296e+02	
   6.4900000e+02	   3.9211818e+02	
   6.5000000e+02	   9.4962429e+01	
   6.5100000e+02	   1.6236495e+02	
   6.5200000e+02	   6.5491764e+00	
   6.5300000e+02	   9.2048118e+01	
   6.5400000e+02	   1.5213439e+02	
   6.5500000e+02	   8.1348935e+01	
   6.5600000e+02	   3.3312027e+02	
   6.5700000e+02	   7.0425644e+02	
   6.5800000e+02	   2.1105280e+02	
   6.5900000e+02	   2.6656173e+01	
   6.6000000e+02	   9.0881693e+01	
   6.6100000e+02	   2.4914461e+02	
   6.6200000e+02	   3.2662501e+02	
   6.6300000e+02	   8.8906691e+01	
   6.6400000e+02	   1.6482707e+02	
   6.6500000e+02	   1.4193303e+02	
   6.6600000e+02	   1.8549340e+02	
   6.6700000e+02	   6.1421569e+02	
   6.6800000e+02	   5.7127399e+01	
   6.6900000e+02	   1.5653575e+02	
   6.7000000e+02	   2.3760988e+01	
   6.7100000e+02	   2.3104760e+02	
   6.7200000e+02	   2.9939405e+02	
   6.7300000e+02	   5.2926003e+02	
   6.7400000e+02	   2.1902141e+01	
   6.7500000e+02	   4.3867507e+02	
   6.7600000e+02	   1.2270565e+02	
   6.7700000e+02	   4.8516919e+01	
   6.7800000e+02	   8.5408268e+01	
   6.7900000e+02	   1.3940932e+02	
   6.8000000e+02	   2.5738026e+02	
   6.8100000e+02	   2.8861272e+02	
   6.8200000e+02	   1.6637864e+02	
   6.8300000e+02	   2.6421778e+02	
   6.8400000e+02	   1.2886532e+02	
   6.8500000e+02	   3.3984605e+02	
   6.8600000e+02	   2.5253093e+02	
   6.8700000e+02	   1.5417474e+02	
   6.8800000e+02	   2.2031987e+02	
   6.8900000e+02	   9.1248895e+00	
   6.9000000e+02	   9.8852320e+01	
   6.9100000e+02	   2.5731442e+02	
   6.9200000e+02	   7.5464032e+01	
   6.9300000e+02	   5.5587918e+02	
   6.9400000e+02	   2.4798445e+02	
   6.9500000e+02	   1.9271665e+01	
   6.9600000e+02	   1.9555608e+02	
   6.9700000e+02	   4.5799888e+02	
   6.9800000e+02	   5.1587911e+02	
   6.9900000e+02	   6.4733623e+01	
   7.0000000e+02	   1.0056768e+02	
   7.0100000e+02	   4.9313055e+01	
   7.0200000e+02	   1.5848715e+02	
   7.0300000e+02	   6.7976061e+01	
   7.0400000e+02	   7.7593744e+01	
   7.0500000e+02	   2.5042029e+02	
   7.0600000e+02	   3.5061933e+01	
   7.0700000e+02	   1.3711631e+01	
   7.0800000e+02	   2.0404058e+02	
   7.0900000e+02	   1.9233703e+02	
   7.1000000e+02	   8.5345324e+01	
   7.1100000e+02	   4.8631070e+02	
   7.1200000e+02	   3.5409804e+02	
   7.1300000e+02	   6.2864877e+01	
   7.1400000e+02	   3.6117564e+01	
   7.1500000e+02	   1.2607153e+02	
   7.1600000e+02	   4.0198145e+01	
   7.1700000e+02	   4.3290135e+01	
   7.1800000e+02	   5.1013554e+01	
   7.1900000e+02	   6.4711714e+01	
   7.2000000e+02	   2.5539800e+01	
   7.2100000e+02	   3.6951781e+01	
   7.2200000e+02	   7.9439409e+01	
   7.2300000e+02	   3.2173940e+00	
   7.2400000e+02	   1.2401669e+02	
   7.2500000e+02	   8.2227057e+01	
   7.2600000e+02	   8.3323469e+01	
   7.2700000e+02	   6.3324638e+02	
   7.2800000e+02	   5.1053849e+02	
   7.2900000e+02	   6.9208623e+01	
   7.3000000e+02	   8.5042792e+02	
   7.3100000e+02	   3.6844245e+01	
   7.3200000e+02	   7.8721158e+01	
   7.3300000e+02	   4.3120340e+02	
   7.3400000e+02	   3.1807617e+02	
   7.3500000e+02	   6.1453339e+01	
   7.3600000e+02	   2.8980850e+01	
   7.3700000e+02	   1.3932417e+02	
   7.3800000e+02	   2.2800322e+01	
   7.3900000e+02	   1.6682205e+01	
   7.4000000e+02	   8.6851886e+01	
   7.4100000e+02	   2.1616693e+02	
   7.4200000e+02	   1.5295329e+02	
   7.4300000e+02	   3.5583333e+01	
   7.4400000e+02	   3.7242477e+00	
   7.4500000e+02	   1.2190286e+02	
   7.4600000e+02	   2.2083405e+02	
   7.4700000e+02	   2.6001139e+02	
   7.4800000e+02	   5.7827718e+01	
   7.4900000e+02	   1.9559069e+02	
   7.5000000e+02	   2.4484965e+01	
   7.5100000e+02	   6.4965129e+01	
   7.5200000e+02	   4.8021666e+01	
   7.5300000e+02	   1.7410762e+02	
   7.5400000e+02	   7.8311619e+01	
   7.5500000e+02	   2.2754716e+02	
   7.5600000e+02	   2.2591720e+02	
   7.5700000e+02	   2.3198107e+03	
   7.5800000e+02	   6.6991015e+02	
   7.5900000e+02	   2.5156079e+02	
   7.6000000e+02	   1.4829755e+02	
   7.6100000e+02	   3.8830052e+02	
   7.6200000e+02	   2.5342585e+02	
   7.6300000e+02	   2.1812463e+02	
   7.6400000e+02	   8.9491220e+01	
   7.6500000e+02	   7.5093868e+01	
   7.6600000e+02	   8.1383816e+01	
   7.6700000e+02	   1.6512139e+02	
   7.6800000e+02	   1.0225947e+02	
   7.6900000e+02	   9.3327593e+01	
   7.7000000e+02	   5.0781893e+01	
   7.7100000e+02	   2.0426444e+02	
   7.7200000e+02	   1.8054148e+02	
   7.7300000e+02	   4.4269539e+01	
   7.7400000e+02	   2.9726181e+02	
   7.7500000e+02	   1.1665707e+02	
   7.7600000e+02	   6.7163803e+01	
   7.7700000e+02	   4.8294155e+01	
   7.7800000e+02	   4.8748948e+02	
   7.7900000e+02	   1.7700322e+02	
   7.8000000e+02	   2.3387308e+02	
   7.8100000e+02	   1.0051532e+02	
   7.8200000e+02	   8.5370535e+01	
   7.8300000e+02	   4.4559415e+01	
   7.8400000e+02	   4.4671121e+01	
   7.8500000e+02	   1.4621135e+02	
   7.8600000e+02	   1.1748541e+02	
   7.8700000e+02	   1.4482157e+02	
   7.8800000e+02	   2.5612003e+02	
   7.8900000e+02	   2.2101200e+02	
   7.9000000e+02	   1.3033058e+01	
   7.9100000e+02	   2.5898073e+02	
   7.9200000e+02	   6.3061629e+02	
   7.9300000e+02	   3.3078878e+02	
   7.9400000e+02	   2.5241308e+02	
   7.9500000e+02	   7.3463705e+01	
   7.9600000e+02	   4.6672714e+01	
   7.9700000e+02	   1.0453741e+02	
   7.9800000e+02	   2.2353543e+02	
   7.9900000e+02	   4.4180248e+01	
   8.0000000e+02	   4.6948556e+01	
   8.0100000e+02	   1.6085571e+02	
   8.0200000e+02	   1.1638458e+02	
   8.0300000e+02	   1.2283057e+01	
   8.0400000e+02	   4.9471043e+01	
   8.0500000e+02	   9.7235673e+01	
   8.0600000e+02	   2.3150387e+01	
   8.0700000e+02	   3.9113720e+01	
   8.0800000e+02	   3.2511054e+01	
   8.0900000e+02	   4.1636453e+02	
   8.1000000e+02	   1.5922360e+02	
   8.1100000e+02	   2.6749057e+01	
   8.1200000e+02	   8.0458698e+01	
   8.1300000e+02	   7.2872307e+01	
   8.1400000e+02	   4.2388703e+02	
   8.1500000e+02	   7.3550728e+01	
   8.1600000e+02	   6.8896768e+02	
   8.1700000e+02	   7.7681983e+00	
   8.1800000e+02	   2.2245981e+02	
   8.1900000e+02	   9.9743641e+00	
   8.2000000e+02	   2.6228784e+02	
   8.2100000e+02	   8.1540531e+01	
   8.2200000e+02	   1.7762368e+02	
   8.2300000e+02	   6.8668441e+01	
   8.2400000e+02	   3.9710245e+01	
   8.2500000e+02	   6.4494765e+00	
   8.2600000e+02	   6.2689733e+01	
   8.2700000e+02	   1.0641722e+01	
   8.2800000e+02	   3.4423551e+02	
   8.2900000e+02	   1.9850603e+02	
   8.3000000e+02	   1.7408369e+02	
   8.3100000e+02	   1.6681884e+00	
   8.3200000e+02	   3.0577811e+01	
   8.3300000e+02	   1.3670925e+01	
   8.3400000e+02	   5.3956777e+01	
   8.3500000e+02	   1.0442791e+02	
   8.3600000e+02	   9.1928290e+01	
   8.3700000e+02	   6.0286715e+01	
   8.3800000e+02	   6.0868706e+01	
   8.3900000e+02	   1.1779460e+02	
   8.4000000e+02	   4.3827685e+00	
   8.4100000e+02	   2.1217367e+01	
   8.4200000e+02	   6.0671813e+01	
   8.4300000e+02	   2.8639886e+02	
   8.4400000e+02	   8.8710692e+01	
   8.4500000e+02	   4.4534736e+01	
   8.4600000e+02	   7.4156208e+01	
   8.4700000e+02	   3.5201508e+01	
   8.4800000e+02	   1.9334214e+01	
   8.4900000e+02	   1.4151138e+01	
   8.5000000e+02	   7.1955017e+00	
   8.5100000e+02	   2.9601918e+02	
   8.5200000e+02	   5.5626552e+01	
   8.5300000e+02	   2.0415961e+02	
   8.5400000e+02	   3.9705942e+01	
   8.5500000e+02	   3.8860690e+01	
   8.5600000e+02	   3.7422719e+02	
   8.5700000e+02	   1.4141590e+01	
   8.5800000e+02	   3.2794748e+02	
   8.5900000e+02	   2.8444806e+00	
   8.6000000e+02	   7.1497466e+02	
   8.6100000e+02	   2.4329732e+01	
   8.6200000e+02	   1.1509207e+01	
   8.6300000e+02	   5.5907592e+01	
   8.6400000e+02	   3.5526309e+01	
   8.6500000e+02	   5.6202333e+00	
   8.6600000e+02	   5.0501013e+01	
   8.6700000e+02	   9.5063452e+00	
   8.6800000e+02	   8.9447239e+01	
   8.6900000e+02	   3.8452063e+01	
   8.7000000e+02	   9.1255184e+01	
   8.7100000e+02	   7.5640522e+01	
   8.7200000e+02	   2.0438583e+02	
   8.7300000e+02	   4.9049128e+01	
   8.7400000e+02	   9.1739468e+01	
   8.7500000e+02	   5.3804821e+01	
   8.7600000e+02	   1.0971406e+02	
   8.7700000e+02	   7.5709655e+01	
   8.7800000e+02	   9.6983786e+00	
   8.7900000e+02	   4.6845719e+01	
   8.8000000e+02	   9.5321482e+01	
   8.8100000e+02	   1.6393989e+02	
   8.8200000e+02	   2.2924971e+02	
   8.8300000e+02	   6.4736550e+01	
   8.8400000e+02	   4.1401416e+02	
   8.8500000e+02	   2.6394249e+02	
   8.8600000e+02	   1.1113223e+02	
   8.8700000e+02	   8.1546670e+01	
   8.8800000e+02	   9.7876771e+01	
   8.8900000e+02	   3.7010514e+01	
   8.9000000e+02	   1.2578577e+02	
   8.9100000e+02	   4.1688322e+01	
   8.9200000e+02	   1.2260123e+01	
   8.9300000e+02	   3.0840924e+01	
   8.9400000e+02	   3.6364741e+01	
   8.9500000e+02	   1.2755580e+02	
   8.9600000e+02	   1.0030820e+02	
   8.9700000e+02	   2.0905518e+01	
   8.9800000e+02	   2.7621541e+02	
   8.9900000e+02	   7.7870251e+00	
   9.0000000e+02	   1.6137079e+01	
   9.0100000e+02	   2.2507137e+01	
   9.0200000e+02	   1.0333188e+01	
   9.0300000e+02	   3.6497200e+01	
   9.0400000e+02	   2.2367072e+02	
   9.0500000e+02	   1.5749172e+02	
   9.0600000e+02	   4.0841547e-01	
   9.0700000e+02	   3.0061991e+01	
   9.0800000e+02	   1.1246217e+01	
   9.0900000e+02	   4.4819360e+01	
   9.1000000e+02	   7.5023147e+01	
   9.1100000e+02	   1.1199889e+01	
   9.1200000e+02	   1.6740279e+01	
   9.1300000e+02	   2.9732823e+02	
   9.1400000e+02	   3.0764590e+01	
   9.1500000e+02	   2.5366766e+02	
   9.1600000e+02	   1.3882179e+01	
   9.1700000e+02	   1.6781873e+01	
   9.1800000e+02	   4.1189894e+00	
   9.1900000e+02	   6.4155709e+01	
   9.2000000e+02	   2.1764623e+02	
   9.2100000e+02	   4.7606858e+01	
   9.2200000e+02	   5.2011845e+01	
   9.2300000e+02	   1.0684583e+02	
   9.2400000e+02	   5.4150141e+01	
   9.2500000e+02	   1.3277990e+02	
   9.2600000e+02	   1.6598786e+00	
   9.2700000e+02	   4.5934758e+01	
   9.2800000e+02	   1.4538475e+01	
   9.2900000e+02	   4.7131799e+01	
   9.3000000e+02	   6.7519646e+00	
   9.3100000e+02	   8.4632250e+01	
   9.3200000e+02	   4.5485777e+01	
   9.3300000e+02	   2.1275042e+02	
   9.3400000e+02	   9.8810296e+00	
   9.3500000e+02	   7.6867310e+01	
   9.3600000e+02	   5.3339336e+01	
   9.3700000e+02	   1.7673949e+02	
   9.3800000e+02	   2.0457439e+01	
   9.3900000e+02	   3.8383932e+01	
   9.4000000e+02	   5.7199355e+01	
   9.4100000e+02	   1.1587486e+02	
   9.4200000e+02	   1.1972053e+02	
   9.4300000e+02	   3.3310539e+01	
   9.4400000e+02	   5.5139761e+01	
   9.4500000e+02	   9.0394422e+00	
   9.4600000e+02	   2.5602098e+02	
   9.4700000e+02	   2.4822206e+01	
   9.4800000e+02	   4.4470083e+01	
   9.4900000e+02	   4.9984125e+01	
   9.5000000e+02	   4.5690671e+01	
   9.5100000e+02	   5.9961948e+01	
   9.5200000e+02	   7.9973080e+01	
   9.5300000e+02	   4.9844468e+01	
   9.5400000e+02	   1.0055208e+01	
   9.5500000e+02	   2.7166669e+01	
   9.5600000e+02	   2.6961153e+01	
   9.5700000e+02	   9.5474984e+01	
   9.5800000e+02	   6.1266616e+00	
   9.5900000e+02	   4.7780546e+01	
   9.6000000e+02	   1.4669156e+01	
   9.6100000e+02	   5.3420604e+01	
   9.6200000e+02	   6.8614030e+01	
   9.6300000e+02	   3.5566542e+01	
   9.6400000e+02	   5.3364335e+01	
   9.6500000e+02	   1.0817928e+02	
   9.6600000e+02	   3.7523495e+01	
   9.6700000e+02	   6.7051830e+01	
   9.6800000e+02	   7.3374438e+01	
   9.6900000e+02	   1.1150177e+02	
   9.7000000e+02	   6.3822391e+01	
   9.7100000e+02	   1.0674161e+02	
   9.7200000e+02	   5.5828141e+01	
   9.7300000e+02	   8.0985760e+01	
   9.7400000e+02	   1.2842990e+02	
   9.7500000e+02	   2.2894783e+01	
   9.7600000e+02	   6.2007959e+01	
   9.7700000e+02	   1.8889896e+02	
   9.7800000e+02	   9.9438693e+01	
   9.7900000e+02	   7.5759728e+01	
   9.8000000e+02	   1.0761800e+02	
   9.8100000e+02	   2.4925518e+01	
   9.8200000e+02	   1.3440024e+02	
   9.8300000e+02	   2.2407742e+02	
   9.8400000e+02	   3.1969945e+01	
   9.8500000e+02	   3.3904369e+02	
   9.8600000e+02	   7.5445543e-01	
   9.8700000e+02	   4.3979746e+01	
   9.8800000e+02	   2.7620470e+01	
   9.8900000e+02	   1.2161143e+02	
   9.9000000e+02	   1.9841880e+02	
   9.9100000e+02	   1.7410472e+01	
   9.9200000e+02	   2.4205082e+01	
   9.9300000e+02	   5.4874842e+01	
   9.9400000e+02	   1.6101105e+00	
   9.9500000e+02	   1.2859682e+02	
   9.9600000e+02	   9.0565024e+01	
   9.9700000e+02	   1.6149690e+02	
   9.9800000e+02	   2.1431462e+02	
   9.9900000e+02	   6.8946846e+01	
   1.0000000e+03	   2.0575021e+02	
   1.0010000e+03	   8.1613276e+01	
   1.0020000e+03	   7.1408247e+00	
   1.0030000e+03	   1.3437251e+02	
   1.0040000e+03	   5.4839330e+01	
   1.0050000e+03	   1.0759965e+02	
   1.0060000e+03	   4.7092302e+01	
   1.0070000e+03	   5.8806726e+01	
   1.0080000e+03	   1.3272181e+02	
   1.0090000e+03	   1.4615557e+01	
   1.0100000e+03	   2.0908999e+01	
   1.0110000e+03	   1.2760505e+02	
   1.0120000e+03	   4.5739865e+01	
   1.0130000e+03	   1.3485670e+02	
   1.0140000e+03	   8.3149470e+01	
   1.0150000e+03	   6.4794301e+00	
   1.0160000e+03	   1.5048727e+02	
   1.0170000e+03	   2.9973376e+01	
   1.0180000e+03	   5.9341732e+00	
   1.0190000e+03	   1.3076427e+02	
   1.0200000e+03	   8.3696163e+01	
   1.0210000e+03	   7.0312356e+00	
   1.0220000e+03	   3.6226220e+01	
   1.0230000e+03	   6.2737330e+01	
   1.0240000e+03	   3.7736653e+01	
   1.0250000e+03	   1.1698251e+02	
   1.0260000e+03	   1.5388035e+01	
   1.0270000e+03	   1.2719515e+02	
   1.0280000e+03	   1.6619752e+02	
   1.0290000e+03	   1.5024780e+02	
   1.0300000e+03	   1.6432706e+02	
   1.0310000e+03	   8.6032278e-01	
   1.0320000e+03	   6.5710330e+01	
   1.0330000e+03	   8.3665687e+01	
   1.0340000e+03	   8.1127141e+01	
   1.0350000e+03	   1.9712635e+02	
   1.0360000e+03	   2.6379960e+02	
   1.0370000e+03	   2.0419891e+02	
   1.0380000e+03	   1.6365312e+02	
   1.0390000e+03	   3.6324455e+02	
   1.0400000e+03	   5.9338706e+01	
   1.0410000e+03	   6.4011411e+01	
   1.0420000e+03	   7.8946146e+01	
   1.0430000e+03	   1.2870982e+01	
   1.0440000e+03	   1.4596825e+02	
   1.0450000e+03	   1.1850938e+02	
   1.0460000e+03	   3.7838727e+01	
   1.0470000e+03	   5.4920607e+01	
   1.0480000e+03	   3.0264130e+01	
   1.0490000e+03	   7.6471386e+01	
   1.0500000e+03	   2.4028386e+02	
   1.0510000e+03	   2.1619380e+00	
   1.0520000e+03	   2.3733231e+01	
   1.0530000e+03	   1.7990520e+01	
   1.0540000e+03	   6.2952150e+00	
   1.0550000e+03	   8.0363106e+01	
   1.0560000e+03	   4.2342866e+02	
   1.0570000e+03	   1.5316988e+01	
   1.0580000e+03	   3.3476454e+01	
   1.0590000e+03	   1.8683405e+02	
   1.0600000e+03	   5.8088727e+01	
   1.0610000e+03	   1.4716272e+02	
   1.0620000e+03	   2.9415693e+01	
   1.0630000e+03	   4.6964348e+00	
   1.0640000e+03	   6.6954642e+01	
   1.0650000e+03	   3.3665535e+00	
   1.0660000e+03	   8.5841478e+01	
   1.0670000e+03	   1.8936660e+01	
   1.0680000e+03	   1.2813481e+01	
   1.0690000e+03	   1.6674178e+02	
   1.0700000e+03	   2.6919807e+01	
   1.0710000e+03	   9.6333238e+01	
   1.0720000e+03	   1.6500872e+01	
   1.0730000e+03	   4.6640416e+01	
   1.0740000e+03	   6.1011949e+01	
   1.0750000e+03	   6.9706451e+00	
   1.0760000e+03	   4.9242356e-01	
   1.0770000e+03	   2.7235181e+01	
   1.0780000e+03	   7.2773923e+00	
   1.0790000e+03	   1.6951142e+01	
   1.0800000e+03	   1.6960634e+01	
   1.0810000e+03	   3.7517326e+01	
   1.0820000e+03	   1.5996507e+02	
   1.0830000e+03	   1.4101469e+01	
   1.0840000e+03	   6.0613993e+01	
   1.0850000e+03	   3.6731818e+00	
   1.0860000e+03	   7.4796879e+00	
   1.0870000e+03	   9.3201517e-01	
   1.0880000e+03	   6.4577622e+01	
   1.0890000e+03	   4.7559899e+01	
   1.0900000e+03	   4.6977754e+01	
   1.0910000e+03	   3.6750896e+01	
   1.0920000e+03	   7.5791750e+01	
   1.0930000e+03	   1.3849460e+01	
   1.0940000e+03	   2.4072528e+01	
   1.0950000e+03	   1.0378569e+02	
   1.0960000e+03	   4.7714475e+01	
   1.0970000e+03	   2.8692070e+02	
   1.0980000e+03	   2.1028593e+00	
   1.0990000e+03	   5.9804619e+01	
   1.1000000e+03	   6.6101734e+01	
   1.1010000e+03	   1.0826397e+01	
   1.1020000e+03	   5.7272948e+01	
   1.1030000e+03	   6.2181651e+01	
   1.1040000e+03	   8.8538980e+01	
   1.1050000e+03	   2.1193587e+02	
   1.1060000e+03	   1.2451712e+01	
   1.1070000e+03	   5.6783834e+01	
   1.1080000e+03	   8.6857556e+01	
   1.1090000e+03	   8.5391246e+01	
   1.1100000e+03	   6.8765568e+00	
   1.1110000e+03	   5.7677828e+00	
   1.1120000e+03	   8.7613913e+01	
   1.1130000e+03	   4.8714385e+01	
   1.1140000e+03	   3.9097603e+01	
   1.1150000e+03	   2.5934753e+02	
   1.1160000e+03	   4.5587954e+01	
   1.1170000e+03	   5.9752514e+01	
   1.1180000e+03	   3.6501526e+01	
   1.1190000e+03	   1.1730102e+02	
   1.1200000e+03	   1.7466741e+02	
   1.1210000e+03	   2.4917326e+01	
   1.1220000e+03	   5.8504929e+01	
   1.1230000e+03	   1.0005450e+02	
   1.1240000e+03	   9.0452809e+01	
   1.1250000e+03	   6.2926792e+01	
   1.1260000e+03	   1.8536636e+01	
   1.1270000e+03	   4.4828164e+01	
   1.1280000e+03	   2.7580186e+00	
   1.1290000e+03	   3.2515175e+01	
   1.1300000e+03	   5.8404714e+01	
   1.1310000e+03	   3.0379274e+00	
   1.1320000e+03	   3.6220851e+01	
   1.1330000e+03	   4.6505915e+01	
   1.1340000e+03	   4.0635107e+01	
   1.1350000e+03	   3.6807989e+02	
   1.1360000e+03	   1.0039238e+02	
   1.1370000e+03	   1.6745313e+02	
   1.1380000e+03	   4.9672276e+01	
   1.1390000e+03	   5.1042826e+01	
   1.1400000e+03	   2.0451907e+01	
   1.1410000e+03	   4.6611398e+00	
   1.1420000e+03	   1.3515737e+01	
   1.1430000e+03	   4.7026741e-01	
   1.1440000e+03	   3.3237313e+01	
   1.1450000e+03	   5.3742666e+01	
   1.1460000e+03	   7.1812490e+01	
   1.1470000e+03	   3.2064439e+01	
   1.1480000e+03	   1.8128454e+02	
   1.1490000e+03	   9.6841871e+01	
   1.1500000e+03	   9.6102946e+01	
   1.1510000e+03	   9.0376708e+00	
   1.1520000e+03	   6.5435534e+00	
   1.1530000e+03	   5.3687559e+01	
   1.1540000e+03	   8.2878355e+01	
   1.1550000e+03	   1.0862961e+01	
   1.1560000e+03	   8.0929564e+01	
   1.1570000e+03	   6.2880798e+00	
   1.1580000e+03	   1.5113141e+01	
   1.1590000e+03	   2.2264318e+01	
   1.1600000e+03	   7.6539641e+01	
   1.1610000e+03	   1.9623093e+01	
   1.1620000e+03	   1.5293047e+01	
   1.1630000e+03	   1.5983633e+02	
   1.1640000e+03	   1.8934334e+02	
   1.1650000e+03	   1.2799437e+02	
   1.1660000e+03	   1.4099150e+01	
   1.1670000e+03	   1.1647334e+02	
   1.1680000e+03	   2.0155515e+00	
   1.1690000e+03	   1.4931568e+01	
   1.1700000e+03	   8.9213972e+01	
   1.1710000e+03	   5.4022216e+01	
   1.1720000e+03	   5.8604895e+01	
   1.1730000e+03	   3.3613629e+01	
   1.1740000e+03	   1.5456187e+01	
   1.1750000e+03	   1.5282470e+01	
   1.1760000e+03	   4.5860807e+01	
   1.1770000e+03	   7.9337720e-01	
   1.1780000e+03	   2.6450712e+01	
   1.1790000e+03	   1.5906497e+01	
   1.1800000e+03	   9.8027300e+01	
   1.1810000e+03	   1.4691246e+01	
   1.1820000e+03	   2.9491016e+01	
   1.1830000e+03	   3.9831442e+01	
   1.1840000e+03	   2.0547061e+02	
   1.1850000e+03	   1.8334655e+01	
   1.1860000e+03	   8.8254234e+01	
   1.1870000e+03	   6.7535921e+01	
   1.1880000e+03	   3.0750744e+01	
   1.1890000e+03	   2.9745159e+00	
   1.1900000e+03	   1.0926153e+01	
   1.1910000e+03	   9.1874212e+01	
   1.1920000e+03	   6.4606891e+01	
   1.1930000e+03	   3.2027172e+00	
   1.1940000e+03	   6.5680802e+01	
   1.1950000e+03	   1.3948643e+01	
   1.1960000e+03	   4.9351580e+01	
   1.1970000e+03	   8.0574279e-01	
   1.1980000e+03	   1.9325769e+01	
   1.1990000e+03	   7.2884890e+00	
   1.2000000e+03	   5.4923145e+01	
   1.2010000e+03	   4.9127389e+01	
   1.2020000e+03	   2.7558848e+01	
   1.2030000e+03	   1.6800008e+01	
   1.2040000e+03	   8.1818920e+00	
   1.2050000e+03	   8.8059428e+00	
   1.2060000e+03	   3.0324704e+01	
   1.2070000e+03	   4.2646777e+01	
   1.2080000e+03	   6.2406836e+01	
   1.2090000e+03	   5.5810545e+01	
   1.2100000e+03	   4.0510244e+01	
   1.2110000e+03	   8.6209342e+01	
   1.2120000e+03	   1.3928663e+02	
   1.2130000e+03	   1.5588699e+01	
   1.2140000e+03	   3.7993038e+01	
   1.2150000e+03	   4.5388147e+01	
   1.2160000e+03	   1.1776533e+02	
   1.2170000e+03	   2.2807820e+01	
   1.2180000e+03	   7.0089839e+01	
   1.2190000e+03	   3.2035502e+02	
   1.2200000e+03	   2.9014503e+02	
   1.2210000e+03	   1.8192472e+01	
   1.2220000e+03	   3.6643793e+00	
   1.2230000e+03	   4.2741073e+01	
   1.2240000e+03	   4.4762088e+01	
   1.2250000e+03	   8.2993277e+01	
   1.2260000e+03	   2.0587899e+01	
   1.2270000e+03	   5.8834740e+01	
   1.2280000e+03	   7.0140234e+00	
   1.2290000e+03	   3.8258935e+01	
   1.2300000e+03	   5.6188674e+01	
   1.2310000e+03	   8.5805377e+01	
   1.2320000e+03	   1.1707251e+01	
   1.2330000e+03	   2.8797364e+01	
   1.2340000e+03	   7.5621683e+01	
   1.2350000e+03	   1.9436608e+01	
   1.2360000e+03	   5.2555881e+01	
   1.2370000e+03	   3.4303641e+00	
   1.2380000e+03	   1.1938360e+02	
   1.2390000e+03	   7.9363960e+01	
   1.2400000e+03	   1.1633968e+01	
   1.2410000e+03	   4.4760503e+01	
   1.2420000e+03	   4.0555917e+01	
   1.2430000e+03	   4.5699560e+00	
   1.2440000e+03	   5.3879433e+01	
   1.2450000e+03	   7.6980871e+01	
   1.2460000e+03	   6.3727550e+01	
   1.2470000e+03	   7.6416604e-01	
   1.2480000e+03	   4.8187685e+01	
   1.2490000e+03	   2.2741069e+00	
   1.2500000e+03	   6.8373528e+00	
   1.2510000e+03	   2.7969909e+01	
   1.2520000e+03	   7.6195627e+00	
   1.2530000e+03	   2.0553328e+01	
   1.2540000e+03	   4.1163595e+01	
   1.2550000e+03	   1.4532316e+02	
   1.2560000e+03	   6.6669154e+01	
   1.2570000e+03	   8.6430964e-01	
   1.2580000e+03	   6.6639003e+01	
   1.2590000e+03	   3.2812749e+01	
   1.2600000e+03	   3.0684351e+01	
   1.2610000e+03	   4.5954090e+01	
   1.2620000e+03	   3.0542951e+01	
   1.2630000e+03	   9.9268636e+01	
   1.2640000e+03	   6.1971304e+01	
   1.2650000e+03	   1.7233126e+01	
   1.2660000e+03	   1.9246907e+01	
   1.2670000e+03	   2.6908953e+01	
   1.2680000e+03	   3.0101660e+01	
   1.2690000e+03	   1.1720062e+02	
   1.2700000e+03	   2.1252719e+01	
   1.2710000e+03	   2.5382222e+01	
   1.2720000e+03	   1.5855214e+01	
   1.2730000e+03	   2.0405834e+01	
   1.2740000e+03	   5.2211060e+01	
   1.2750000e+03	   4.7745508e+01	
   1.2760000e+03	   1.0751352e+01	
   1.2770000e+03	   7.1294365e+01	
   1.2780000e+03	   4.5102388e+01	
   1.2790000e+03	   7.2035473e+01	
   1.2800000e+03	   9.5681281e+01	
   1.2810000e+03	   1.5444451e+02	
   1.2820000e+03	   1.1324265e+01	
   1.2830000e+03	   9.1231198e+00	
   1.2840000e+03	   2.8202614e+01	
   1.2850000e+03	   1.9451409e+01	
   1.2860000e+03	   2.3376949e+00	
   1.2870000e+03	   6.7571023e+00	
   1.2880000e+03	   2.0827735e+01	
   1.2890000e+03	   3.8169984e+01	
   1.2900000e+03	   7.9892859e+01	
   1.2910000e+03	   4.9254200e+01	
   1.2920000e+03	   6.0589445e+01	
   1.2930000e+03	   6.3977283e+01	
   1.2940000e+03	   4.5186724e+01	
   1.2950000e+03	   1.0319775e+02	
   1.2960000e+03	   3.1830795e+01	
   1.2970000e+03	   9.7875744e+00	
   1.2980000e+03	   1.2915960e+01	
   1.2990000e+03	   5.1263950e+01	
   1.3000000e+03	   1.0871170e+01	
   1.3010000e+03	   2.1946239e+00	
   1.3020000e+03	   1.0680666e+02	
   1.3030000e+03	   6.8204920e+01	
   1.3040000e+03	   5.5401901e+01	
   1.3050000e+03	   1.0578310e+02	
   1.3060000e+03	   9.9910502e+01	
   1.3070000e+03	   7.8691223e+00	
   1.3080000e+03	   3.5859276e+01	
   1.3090000e+03	   1.5677260e+00	
   1.3100000e+03	   2.5054619e+00	
   1.3110000e+03	   2.7436154e+00	
   1.3120000e+03	   6.9050823e+01	
   1.3130000e+03	   3.7821417e+01	
   1.3140000e+03	   1.3522325e+01	
   1.3150000e+03	   1.6114694e+01	
   1.3160000e+03	   4.8064313e+00	
   1.3170000e+03	   9.0961290e+01	
   1.3180000e+03	   5.5312799e+00	
   1.3190000e+03	   1.2724766e+02	
   1.3200000e+03	   9.6653522e+01	
   1.3210000e+03	   2.3150391e+01	
   1.3220000e+03	   7.0054455e+01	
   1.3230000e+03	   3.7386530e+01	
   1.3240000e+03	   2.5924142e-04	
