0.01
0.01
0.011
0.02
0.02
0.02
0.02
0.026
0.027
0.029
0.03
0.032
0.034
0.034
0.035
0.044
0.044
0.047
0.05
0.051
0.055
0.058
0.061
0.062
0.07
0.07
0.07
0.078
0.08
0.083
0.088
0.09
0.09
0.091
0.097
0.11
0.11
0.119
0.121
0.123
0.128
0.13
0.14
0.14
0.14
0.143
0.148
0.15
0.152
0.156
0.161
0.162
0.167
0.168
0.17
0.18
0.182
0.183
0.19
0.193
0.2
0.207
0.208
0.21
0.217
0.229
0.23
0.243
0.244
0.25
0.25
0.25
0.25
0.26
0.26
0.261
0.264
0.265
0.267
0.27
0.279
0.28
0.28
0.28
0.28
0.285
0.298
0.299
0.32
0.32
0.324
0.326
0.333
0.338
0.348
0.356
0.357
0.373
0.39
0.39
0.41
0.422
0.434
0.44
0.444
0.459
0.46
0.487
0.487
0.499
0.5
0.5
0.562
0.57
0.65
0.656
0.66
0.677
0.696
0.7
0.71
0.769
0.78
0.855
0.86
0.9
0.945
1.002
1.01
1.029
1.04
1.083
1.126
1.135
1.19
1.253
1.36
1.417
1.51
1.642
2.032
2.19
5.456
37.6
