0.02
0.024
0.03
0.034
0.035
0.04
0.04
0.041
0.044
0.05
0.05
0.05
0.054
0.054
0.057
0.066
0.067
0.068
0.068
0.07
0.07
0.072
0.072
0.079
0.08
0.088
0.09
0.09
0.094
0.095
0.098
0.1
0.101
0.102
0.102
0.103
0.103
0.106
0.11
0.113
0.113
0.118
0.12
0.125
0.131
0.131
0.132
0.142
0.146
0.15
0.15
0.153
0.159
0.159
0.163
0.171
0.172
0.178
0.18
0.18
0.188
0.19
0.19
0.19
0.193
0.199
0.21
0.21
0.211
0.22
0.23
0.245
0.249
0.25
0.26
0.26
0.267
0.27
0.271
0.272
0.277
0.277
0.284
0.287
0.29
0.292
0.3
0.3
0.31
0.31
0.311
0.313
0.313
0.32
0.32
0.34
0.342
0.349
0.35
0.351
0.36
0.368
0.38
0.381
0.387
0.4
0.403
0.41
0.427
0.431
0.448
0.47
0.473
0.5
0.53
0.551
0.559
0.6
0.612
0.621
0.65
0.656
0.664
0.7
0.75
0.76
0.82
0.833
0.859
1.015
1.064
1.11
1.127
1.131
1.163
1.223
1.62
1.62
2.119
2.334
2.475
2.557
3.009
3.925
