   0.0000000e+00	   3.1129359e-28	
   1.0000000e+00	   1.7875254e+02	
   2.0000000e+00	   1.0069464e+02	
   3.0000000e+00	   1.6030717e+02	
   4.0000000e+00	   8.1335351e+01	
   5.0000000e+00	   8.6036142e+01	
   6.0000000e+00	   1.6189761e+01	
   7.0000000e+00	   2.6233592e+01	
   8.0000000e+00	   9.5345569e+00	
   9.0000000e+00	   3.3032017e+01	
   1.0000000e+01	   7.1142532e+00	
   1.1000000e+01	   8.2284271e+00	
   1.2000000e+01	   6.7827414e+00	
   1.3000000e+01	   2.4363035e+01	
   1.4000000e+01	   1.7162975e+01	
   1.5000000e+01	   1.0649643e+01	
   1.6000000e+01	   1.3778926e+01	
   1.7000000e+01	   1.2407855e+00	
   1.8000000e+01	   2.6680062e+01	
   1.9000000e+01	   6.5365464e+01	
   2.0000000e+01	   4.8751736e+01	
   2.1000000e+01	   3.8282836e+00	
   2.2000000e+01	   1.0204904e+02	
   2.3000000e+01	   1.2451375e+02	
   2.4000000e+01	   7.8541712e+02	
   2.5000000e+01	   5.3607935e+02	
   2.6000000e+01	   1.3636662e+02	
   2.7000000e+01	   2.5174279e+02	
   2.8000000e+01	   7.3342500e+01	
   2.9000000e+01	   4.5508837e+01	
   3.0000000e+01	   7.8701954e+01	
   3.1000000e+01	   5.3386070e+01	
   3.2000000e+01	   1.4049682e+01	
   3.3000000e+01	   9.1660611e+01	
   3.4000000e+01	   1.9427991e+01	
   3.5000000e+01	   5.8203959e+00	
   3.6000000e+01	   9.3483559e+00	
   3.7000000e+01	   9.9641870e+00	
   3.8000000e+01	   4.0364777e+00	
   3.9000000e+01	   2.6840443e+00	
   4.0000000e+01	   3.3725435e+00	
   4.1000000e+01	   3.6886489e-01	
   4.2000000e+01	   2.7972599e+00	
   4.3000000e+01	   2.6609906e-04	
   4.4000000e+01	   3.2790332e+00	
   4.5000000e+01	   8.2349724e+00	
   4.6000000e+01	   1.2217001e+01	
   4.7000000e+01	   1.3092505e+01	
   4.8000000e+01	   3.8403766e+00	
   4.9000000e+01	   3.4555366e+01	
   5.0000000e+01	   1.2072988e+01	
   5.1000000e+01	   1.0012157e+01	
   5.2000000e+01	   7.8954065e+00	
   5.3000000e+01	   3.7630236e+00	
   5.4000000e+01	   9.9240564e-01	
   5.5000000e+01	   1.2831600e+01	
   5.6000000e+01	   1.5912827e+00	
   5.7000000e+01	   4.1364693e+00	
   5.8000000e+01	   7.4535916e+00	
   5.9000000e+01	   1.5897911e+00	
   6.0000000e+01	   1.0570410e+00	
   6.1000000e+01	   2.9510320e+00	
   6.2000000e+01	   7.9296270e-01	
   6.3000000e+01	   1.2974500e+00	
   6.4000000e+01	   1.9148382e+00	
   6.5000000e+01	   6.4239173e+00	
   6.6000000e+01	   2.6710164e-01	
   6.7000000e+01	   3.5601430e+00	
   6.8000000e+01	   3.4558158e-01	
   6.9000000e+01	   1.9199874e+00	
   7.0000000e+01	   2.5888001e-01	
   7.1000000e+01	   2.0603332e+00	
   7.2000000e+01	   1.2105792e+00	
   7.3000000e+01	   2.1496962e+00	
   7.4000000e+01	   1.0819691e+00	
   7.5000000e+01	   5.3584679e-02	
   7.6000000e+01	   3.1685228e+00	
   7.7000000e+01	   2.6465418e+00	
   7.8000000e+01	   4.5085955e-01	
   7.9000000e+01	   1.4169440e-01	
   8.0000000e+01	   7.4786042e-02	
   8.1000000e+01	   1.0706251e+00	
   8.2000000e+01	   3.0067363e+00	
   8.3000000e+01	   2.0332695e+00	
   8.4000000e+01	   1.0987171e+00	
   8.5000000e+01	   3.2306901e-02	
   8.6000000e+01	   1.9118479e+00	
   8.7000000e+01	   1.0308221e+00	
   8.8000000e+01	   4.9033168e-02	
   8.9000000e+01	   8.2510538e-02	
   9.0000000e+01	   6.0206910e-01	
   9.1000000e+01	   1.8821051e+00	
   9.2000000e+01	   1.4288121e+00	
   9.3000000e+01	   2.1481974e-01	
   9.4000000e+01	   3.6843444e-02	
   9.5000000e+01	   2.6089726e+00	
   9.6000000e+01	   2.0905740e+00	
   9.7000000e+01	   1.8889314e+00	
   9.8000000e+01	   1.3000355e+00	
   9.9000000e+01	   1.0089289e-02	
   1.0000000e+02	   6.5414773e-01	
   1.0100000e+02	   1.8072685e-01	
   1.0200000e+02	   4.5711769e-01	
   1.0300000e+02	   4.2486848e-02	
   1.0400000e+02	   2.1443451e-01	
   1.0500000e+02	   2.6367482e-01	
   1.0600000e+02	   6.9978843e-01	
   1.0700000e+02	   1.5784499e+00	
   1.0800000e+02	   1.8608010e+00	
   1.0900000e+02	   2.4094717e-01	
   1.1000000e+02	   5.3039703e-02	
   1.1100000e+02	   3.9577336e-01	
   1.1200000e+02	   2.1071602e-01	
   1.1300000e+02	   7.9118196e-01	
   1.1400000e+02	   1.7253417e+00	
   1.1500000e+02	   3.5381889e+00	
   1.1600000e+02	   5.3288372e-01	
   1.1700000e+02	   5.2406483e-01	
   1.1800000e+02	   2.7765124e-03	
   1.1900000e+02	   1.3716517e+00	
   1.2000000e+02	   2.4902421e-02	
   1.2100000e+02	   1.2931590e+00	
   1.2200000e+02	   5.3588815e-01	
   1.2300000e+02	   6.0087491e-01	
   1.2400000e+02	   9.4444702e-01	
   1.2500000e+02	   8.1447045e-01	
   1.2600000e+02	   2.9017669e+00	
   1.2700000e+02	   4.9756808e-02	
   1.2800000e+02	   2.7194454e-02	
   1.2900000e+02	   4.6414697e-01	
   1.3000000e+02	   8.3649522e-01	
   1.3100000e+02	   2.5490700e-02	
   1.3200000e+02	   1.9863235e+00	
   1.3300000e+02	   1.5153799e+00	
   1.3400000e+02	   4.5672392e-02	
   1.3500000e+02	   1.1668568e+00	
   1.3600000e+02	   6.6297304e-01	
   1.3700000e+02	   8.5547456e-01	
   1.3800000e+02	   6.3377717e-01	
   1.3900000e+02	   7.1538317e-01	
   1.4000000e+02	   1.0074320e-02	
   1.4100000e+02	   1.3107897e+00	
   1.4200000e+02	   2.9199834e-01	
   1.4300000e+02	   3.1987593e-01	
   1.4400000e+02	   8.4302069e-01	
   1.4500000e+02	   3.2704421e-01	
   1.4600000e+02	   5.9584818e-01	
   1.4700000e+02	   9.3065370e-02	
   1.4800000e+02	   1.5107515e-03	
   1.4900000e+02	   4.3109468e-01	
   1.5000000e+02	   3.1915985e-01	
   1.5100000e+02	   5.7673893e-01	
   1.5200000e+02	   1.0030845e+00	
   1.5300000e+02	   1.0051519e-01	
   1.5400000e+02	   2.3541113e-01	
   1.5500000e+02	   2.4532289e-01	
   1.5600000e+02	   2.0657428e-01	
   1.5700000e+02	   5.5921396e-01	
   1.5800000e+02	   5.4648411e-01	
   1.5900000e+02	   8.7007389e-02	
   1.6000000e+02	   4.1689033e-01	
   1.6100000e+02	   6.1254944e-01	
   1.6200000e+02	   4.9745804e-02	
   1.6300000e+02	   8.4026275e-01	
   1.6400000e+02	   3.2360181e-01	
   1.6500000e+02	   6.0591749e-01	
   1.6600000e+02	   3.8527593e-02	
   1.6700000e+02	   1.0749712e-01	
   1.6800000e+02	   2.1200120e-01	
   1.6900000e+02	   1.8113569e-01	
   1.7000000e+02	   2.0902942e-01	
   1.7100000e+02	   3.8769897e-01	
   1.7200000e+02	   6.3955818e-01	
   1.7300000e+02	   5.3988983e-01	
   1.7400000e+02	   2.7878230e-01	
   1.7500000e+02	   3.5125837e-01	
   1.7600000e+02	   1.5581118e-01	
   1.7700000e+02	   3.6063365e-01	
   1.7800000e+02	   5.2059041e-02	
   1.7900000e+02	   1.0420472e+00	
   1.8000000e+02	   6.5915827e-01	
   1.8100000e+02	   6.4742916e-01	
   1.8200000e+02	   1.9247237e-01	
   1.8300000e+02	   1.2605131e+00	
   1.8400000e+02	   2.2091072e-01	
   1.8500000e+02	   4.0213772e-01	
   1.8600000e+02	   1.2249832e+00	
   1.8700000e+02	   2.0426841e-01	
   1.8800000e+02	   2.9335183e-01	
   1.8900000e+02	   1.2433876e-01	
   1.9000000e+02	   1.1958373e-01	
   1.9100000e+02	   2.0924717e+00	
   1.9200000e+02	   4.1423977e-01	
   1.9300000e+02	   1.2178592e-02	
   1.9400000e+02	   3.0207379e-01	
   1.9500000e+02	   2.8525096e-01	
   1.9600000e+02	   4.7353663e-01	
   1.9700000e+02	   1.4740236e-01	
   1.9800000e+02	   1.2376651e+00	
   1.9900000e+02	   7.3645078e-01	
   2.0000000e+02	   5.3379502e-01	
   2.0100000e+02	   1.2321615e+00	
   2.0200000e+02	   1.6616678e-01	
   2.0300000e+02	   5.5512768e-01	
   2.0400000e+02	   6.1238009e-02	
   2.0500000e+02	   7.1760380e-01	
   2.0600000e+02	   1.3637097e+00	
   2.0700000e+02	   5.7635022e-01	
   2.0800000e+02	   6.9193622e-01	
   2.0900000e+02	   1.3293967e-01	
   2.1000000e+02	   1.1517801e+00	
   2.1100000e+02	   4.1241306e-01	
   2.1200000e+02	   1.0220303e-02	
   2.1300000e+02	   2.4048707e-02	
   2.1400000e+02	   4.2219156e-01	
   2.1500000e+02	   1.0694631e+00	
   2.1600000e+02	   6.0747847e-01	
   2.1700000e+02	   6.0830542e-03	
   2.1800000e+02	   1.4310897e+00	
   2.1900000e+02	   8.2720274e-02	
   2.2000000e+02	   6.7978209e-01	
   2.2100000e+02	   5.7625425e-01	
   2.2200000e+02	   3.7571939e-01	
   2.2300000e+02	   1.3790037e-01	
   2.2400000e+02	   2.6551575e-01	
   2.2500000e+02	   6.0027108e-01	
   2.2600000e+02	   1.7946964e+00	
   2.2700000e+02	   2.1873030e-01	
   2.2800000e+02	   3.3680988e-01	
   2.2900000e+02	   9.5572169e-01	
   2.3000000e+02	   2.3546573e-01	
   2.3100000e+02	   1.5038042e-01	
   2.3200000e+02	   3.8834495e+00	
   2.3300000e+02	   2.4568562e-01	
   2.3400000e+02	   8.4740399e-02	
   2.3500000e+02	   1.7042211e+00	
   2.3600000e+02	   5.8117631e-01	
   2.3700000e+02	   1.6599156e-02	
   2.3800000e+02	   1.8239680e-01	
   2.3900000e+02	   1.1446992e-01	
   2.4000000e+02	   3.1387426e-01	
   2.4100000e+02	   5.7383383e-01	
   2.4200000e+02	   3.3102664e-01	
   2.4300000e+02	   9.7373486e-01	
   2.4400000e+02	   2.5103254e+00	
   2.4500000e+02	   3.3066397e-02	
   2.4600000e+02	   1.2981587e+00	
   2.4700000e+02	   6.9796478e-01	
   2.4800000e+02	   1.0834366e+00	
   2.4900000e+02	   1.9895254e+00	
   2.5000000e+02	   5.4601074e-01	
   2.5100000e+02	   4.1593362e-01	
   2.5200000e+02	   9.3009584e-01	
   2.5300000e+02	   5.2594594e-01	
   2.5400000e+02	   7.5766052e-01	
   2.5500000e+02	   1.5192339e-01	
   2.5600000e+02	   4.9076167e-01	
   2.5700000e+02	   1.3851098e+00	
   2.5800000e+02	   4.6402397e-01	
   2.5900000e+02	   9.9936633e-02	
   2.6000000e+02	   2.8972123e-01	
   2.6100000e+02	   7.7277842e-01	
   2.6200000e+02	   1.5526031e+00	
   2.6300000e+02	   1.5616480e-01	
   2.6400000e+02	   1.1691841e-01	
   2.6500000e+02	   2.0083932e+00	
   2.6600000e+02	   6.2111669e-01	
   2.6700000e+02	   3.1807430e-01	
   2.6800000e+02	   1.3564450e-01	
   2.6900000e+02	   2.9459392e-02	
   2.7000000e+02	   9.3948492e-01	
   2.7100000e+02	   3.6731550e-02	
   2.7200000e+02	   1.7062560e+00	
   2.7300000e+02	   3.9190469e-01	
   2.7400000e+02	   4.3483836e-01	
   2.7500000e+02	   1.3935976e-01	
   2.7600000e+02	   1.8181828e+00	
   2.7700000e+02	   7.8443476e-02	
   2.7800000e+02	   8.4711695e-01	
   2.7900000e+02	   9.0290712e-01	
   2.8000000e+02	   6.8413008e-01	
   2.8100000e+02	   8.5090937e-02	
   2.8200000e+02	   1.2903929e+00	
   2.8300000e+02	   8.5609477e-02	
   2.8400000e+02	   3.5092116e-01	
   2.8500000e+02	   4.5039797e-02	
   2.8600000e+02	   6.1234292e-01	
   2.8700000e+02	   1.2331528e-01	
   2.8800000e+02	   2.6153263e-01	
   2.8900000e+02	   8.6417026e-01	
   2.9000000e+02	   9.8601176e-01	
   2.9100000e+02	   2.2442394e-01	
   2.9200000e+02	   5.2850713e-02	
   2.9300000e+02	   1.1235920e+00	
   2.9400000e+02	   9.5242235e-03	
   2.9500000e+02	   6.7543046e-01	
   2.9600000e+02	   4.4157787e-01	
   2.9700000e+02	   8.5766148e-01	
   2.9800000e+02	   1.4555562e-01	
   2.9900000e+02	   1.2314118e+00	
   3.0000000e+02	   2.1907496e-01	
   3.0100000e+02	   3.6993756e-02	
   3.0200000e+02	   1.0469615e+00	
   3.0300000e+02	   1.0809777e+00	
   3.0400000e+02	   3.2444704e+00	
   3.0500000e+02	   3.5468304e-01	
   3.0600000e+02	   2.3765278e-01	
   3.0700000e+02	   1.0424885e+00	
   3.0800000e+02	   4.9898369e-01	
   3.0900000e+02	   1.5063592e-01	
   3.1000000e+02	   2.1131502e-01	
   3.1100000e+02	   1.1589209e-01	
   3.1200000e+02	   5.0076782e-01	
   3.1300000e+02	   3.7155957e-01	
   3.1400000e+02	   1.2130031e-01	
   3.1500000e+02	   9.6384326e-02	
   3.1600000e+02	   8.0973548e-02	
   3.1700000e+02	   2.8433674e-01	
   3.1800000e+02	   3.0258585e-01	
   3.1900000e+02	   6.6029941e-04	
   3.2000000e+02	   7.1968657e-01	
   3.2100000e+02	   4.4305387e-02	
   3.2200000e+02	   3.9951244e-01	
   3.2300000e+02	   2.9579241e-01	
   3.2400000e+02	   2.3232759e-02	
   3.2500000e+02	   2.0390401e-02	
   3.2600000e+02	   1.3004940e-01	
   3.2700000e+02	   4.3853906e-01	
   3.2800000e+02	   3.3815466e-01	
   3.2900000e+02	   7.7202813e-02	
   3.3000000e+02	   6.1065957e-01	
   3.3100000e+02	   8.6057654e-02	
   3.3200000e+02	   4.7065136e-01	
   3.3300000e+02	   1.3210700e-01	
   3.3400000e+02	   7.2782864e-02	
   3.3500000e+02	   2.0919359e-01	
   3.3600000e+02	   2.5253047e-01	
   3.3700000e+02	   6.0219857e-01	
   3.3800000e+02	   1.1636935e-01	
   3.3900000e+02	   1.0914993e+00	
   3.4000000e+02	   6.3341438e-01	
   3.4100000e+02	   3.4923948e-01	
   3.4200000e+02	   2.9110956e-01	
   3.4300000e+02	   2.3350695e-01	
   3.4400000e+02	   1.4230147e-01	
   3.4500000e+02	   8.8375393e-02	
   3.4600000e+02	   8.4751970e-01	
   3.4700000e+02	   4.0680601e-01	
   3.4800000e+02	   4.8243080e-01	
   3.4900000e+02	   1.2966206e+00	
   3.5000000e+02	   8.4626455e-02	
   3.5100000e+02	   4.2459207e-02	
   3.5200000e+02	   1.7617978e+00	
   3.5300000e+02	   1.5514544e-01	
   3.5400000e+02	   1.8228940e-01	
   3.5500000e+02	   4.3031622e-02	
   3.5600000e+02	   1.2555022e-01	
   3.5700000e+02	   3.8789697e-01	
   3.5800000e+02	   3.2805194e-01	
   3.5900000e+02	   3.5945131e-01	
   3.6000000e+02	   1.8280673e-01	
   3.6100000e+02	   7.6499911e-02	
   3.6200000e+02	   1.6297880e-01	
   3.6300000e+02	   7.6531731e-01	
   3.6400000e+02	   2.3585835e-01	
   3.6500000e+02	   1.5340104e+00	
   3.6600000e+02	   3.3820042e-01	
   3.6700000e+02	   3.9219832e-01	
   3.6800000e+02	   6.5083244e-01	
   3.6900000e+02	   5.1189776e-01	
   3.7000000e+02	   1.0793798e-01	
   3.7100000e+02	   1.5036812e-01	
   3.7200000e+02	   3.4491891e-02	
   3.7300000e+02	   2.2298783e+00	
   3.7400000e+02	   1.1788652e+00	
   3.7500000e+02	   4.5099660e-01	
   3.7600000e+02	   1.7207686e-01	
   3.7700000e+02	   5.4137718e-01	
   3.7800000e+02	   4.4614607e-02	
   3.7900000e+02	   4.2051419e-03	
   3.8000000e+02	   5.2814197e-02	
   3.8100000e+02	   3.8439403e-01	
   3.8200000e+02	   6.6991307e-01	
   3.8300000e+02	   1.1997660e-01	
   3.8400000e+02	   3.5991657e-01	
   3.8500000e+02	   1.0578185e+00	
   3.8600000e+02	   4.3156934e-01	
   3.8700000e+02	   1.0808358e+00	
   3.8800000e+02	   2.9548272e-01	
   3.8900000e+02	   8.1882793e-02	
   3.9000000e+02	   4.0203159e-01	
   3.9100000e+02	   7.5624978e-02	
   3.9200000e+02	   1.1378712e-01	
   3.9300000e+02	   1.0748424e-01	
   3.9400000e+02	   1.6865106e+00	
   3.9500000e+02	   5.4959193e-01	
   3.9600000e+02	   3.5869791e-01	
   3.9700000e+02	   3.4461568e-01	
   3.9800000e+02	   2.2190846e-01	
   3.9900000e+02	   1.1221500e-01	
   4.0000000e+02	   2.0077300e-01	
   4.0100000e+02	   1.7984409e-01	
   4.0200000e+02	   9.7118656e-01	
   4.0300000e+02	   4.3515532e-01	
   4.0400000e+02	   3.1290888e-01	
   4.0500000e+02	   4.2165684e-02	
   4.0600000e+02	   1.1277861e-01	
   4.0700000e+02	   9.4507925e-01	
   4.0800000e+02	   7.5609705e-01	
   4.0900000e+02	   1.5362335e-01	
   4.1000000e+02	   8.9991063e-01	
   4.1100000e+02	   5.2582298e-01	
   4.1200000e+02	   1.1464347e+00	
   4.1300000e+02	   9.0419816e-01	
   4.1400000e+02	   2.3397635e-01	
   4.1500000e+02	   3.9882360e-01	
   4.1600000e+02	   2.8067310e-01	
   4.1700000e+02	   2.4163781e-01	
   4.1800000e+02	   1.0015902e+00	
   4.1900000e+02	   6.7849144e-01	
   4.2000000e+02	   5.5376350e-02	
   4.2100000e+02	   3.1380882e-01	
   4.2200000e+02	   3.5099982e-01	
   4.2300000e+02	   1.1893025e-01	
   4.2400000e+02	   2.0884030e-01	
   4.2500000e+02	   1.3890884e-01	
   4.2600000e+02	   4.0705575e-01	
   4.2700000e+02	   1.6253963e-01	
   4.2800000e+02	   4.4405939e-01	
   4.2900000e+02	   2.7697503e-03	
   4.3000000e+02	   7.5731178e-01	
   4.3100000e+02	   2.2934131e-01	
   4.3200000e+02	   2.6909756e-01	
   4.3300000e+02	   2.9234114e-01	
   4.3400000e+02	   2.7409800e-01	
   4.3500000e+02	   1.4034206e-01	
   4.3600000e+02	   3.9927347e-02	
   4.3700000e+02	   6.4404813e-02	
   4.3800000e+02	   3.0325728e-01	
   4.3900000e+02	   5.6795208e-01	
   4.4000000e+02	   3.1166547e-01	
   4.4100000e+02	   1.4258863e-02	
   4.4200000e+02	   5.1306593e-02	
   4.4300000e+02	   1.2911446e-01	
   4.4400000e+02	   2.8623258e-01	
   4.4500000e+02	   4.9427765e-01	
   4.4600000e+02	   1.6156019e-01	
   4.4700000e+02	   1.9489691e-01	
   4.4800000e+02	   7.9627843e-02	
   4.4900000e+02	   1.1244099e-01	
   4.5000000e+02	   7.1369106e-01	
   4.5100000e+02	   2.2133228e-01	
   4.5200000e+02	   1.3583792e-01	
   4.5300000e+02	   2.8501930e-02	
   4.5400000e+02	   3.6978488e-01	
   4.5500000e+02	   1.4374878e-01	
   4.5600000e+02	   1.2648121e-01	
   4.5700000e+02	   5.7379937e-02	
   4.5800000e+02	   1.8133462e-01	
   4.5900000e+02	   5.4414472e-02	
   4.6000000e+02	   2.2163553e-01	
   4.6100000e+02	   6.1965371e-02	
   4.6200000e+02	   5.9576854e-01	
   4.6300000e+02	   7.7955268e-01	
   4.6400000e+02	   5.5924515e-02	
   4.6500000e+02	   1.9311129e-01	
   4.6600000e+02	   8.7070727e-02	
   4.6700000e+02	   9.7666063e-02	
   4.6800000e+02	   3.0214711e-03	
   4.6900000e+02	   6.5196962e-03	
   4.7000000e+02	   2.1033430e-01	
   4.7100000e+02	   4.6031088e-01	
   4.7200000e+02	   5.6487545e-02	
   4.7300000e+02	   4.6778307e-02	
   4.7400000e+02	   1.5756209e-01	
   4.7500000e+02	   1.7331829e+00	
   4.7600000e+02	   2.5228761e-01	
   4.7700000e+02	   1.8861563e-02	
   4.7800000e+02	   4.3925464e-01	
   4.7900000e+02	   1.9895196e-02	
   4.8000000e+02	   2.9006275e-01	
   4.8100000e+02	   1.6160947e-01	
   4.8200000e+02	   3.6499787e-01	
   4.8300000e+02	   2.7450587e-01	
   4.8400000e+02	   1.1267326e-01	
   4.8500000e+02	   1.1521486e-01	
   4.8600000e+02	   3.6818953e-01	
   4.8700000e+02	   9.1631492e-01	
   4.8800000e+02	   2.2904195e-02	
   4.8900000e+02	   1.4304590e+00	
   4.9000000e+02	   3.6013020e-01	
   4.9100000e+02	   1.7496210e-01	
   4.9200000e+02	   7.4523846e-02	
   4.9300000e+02	   2.9048101e-01	
   4.9400000e+02	   8.3915002e-01	
   4.9500000e+02	   2.5331438e-01	
   4.9600000e+02	   2.1886307e-01	
   4.9700000e+02	   3.7627525e-01	
   4.9800000e+02	   2.8186214e-01	
   4.9900000e+02	   1.0705879e-01	
   5.0000000e+02	   4.4613170e-01	
   5.0100000e+02	   3.3892268e-01	
   5.0200000e+02	   2.7064201e-02	
   5.0300000e+02	   2.5970336e-01	
   5.0400000e+02	   2.7913499e-01	
   5.0500000e+02	   6.2766930e-02	
   5.0600000e+02	   1.9791759e-01	
   5.0700000e+02	   5.2958341e-01	
   5.0800000e+02	   2.2220859e-01	
   5.0900000e+02	   3.3752788e-01	
   5.1000000e+02	   2.3262998e-01	
   5.1100000e+02	   1.1280897e-04	
   5.1200000e+02	   6.8163292e-01	
   5.1300000e+02	   3.2482735e-01	
   5.1400000e+02	   2.5763763e-01	
   5.1500000e+02	   2.8480917e-02	
   5.1600000e+02	   4.6740810e-01	
   5.1700000e+02	   6.2508176e-01	
   5.1800000e+02	   9.5268343e-02	
   5.1900000e+02	   4.2334728e-01	
   5.2000000e+02	   1.1260004e-01	
   5.2100000e+02	   2.3100093e-01	
   5.2200000e+02	   2.1124391e-01	
   5.2300000e+02	   1.3085230e-01	
   5.2400000e+02	   7.7595582e-01	
   5.2500000e+02	   3.0553605e-01	
   5.2600000e+02	   6.7922411e-02	
   5.2700000e+02	   2.8301404e-01	
   5.2800000e+02	   2.3453589e-01	
   5.2900000e+02	   1.5070747e-01	
   5.3000000e+02	   2.6423264e-01	
   5.3100000e+02	   2.3502599e-01	
   5.3200000e+02	   1.7425185e-01	
   5.3300000e+02	   2.5905486e-01	
   5.3400000e+02	   6.6167695e-01	
   5.3500000e+02	   9.8565882e-02	
   5.3600000e+02	   4.0690715e-01	
   5.3700000e+02	   2.0522642e-01	
   5.3800000e+02	   1.2284725e-03	
   5.3900000e+02	   9.0353592e-03	
   5.4000000e+02	   4.5194074e-01	
   5.4100000e+02	   4.1070117e-01	
   5.4200000e+02	   5.0216586e-01	
   5.4300000e+02	   6.0405643e-01	
   5.4400000e+02	   8.0309897e-02	
   5.4500000e+02	   7.3755310e-03	
   5.4600000e+02	   6.1347740e-02	
   5.4700000e+02	   4.4938781e-01	
   5.4800000e+02	   1.5888850e-01	
   5.4900000e+02	   1.4938051e-02	
   5.5000000e+02	   5.4899088e-02	
   5.5100000e+02	   4.6783986e-01	
   5.5200000e+02	   1.6449800e-01	
   5.5300000e+02	   6.5986979e-01	
   5.5400000e+02	   2.9459210e-01	
   5.5500000e+02	   2.5003606e-01	
   5.5600000e+02	   5.6533960e-02	
   5.5700000e+02	   5.5735033e-02	
   5.5800000e+02	   1.1169655e-01	
   5.5900000e+02	   1.9070433e-02	
   5.6000000e+02	   9.5867728e-02	
   5.6100000e+02	   5.8545749e-02	
   5.6200000e+02	   6.1364448e-02	
   5.6300000e+02	   7.2462133e-02	
   5.6400000e+02	   3.3172995e-01	
   5.6500000e+02	   4.6902081e-01	
   5.6600000e+02	   7.1253135e-01	
   5.6700000e+02	   4.2681354e-01	
   5.6800000e+02	   1.5373885e-01	
   5.6900000e+02	   1.6337260e-01	
   5.7000000e+02	   3.1439665e-01	
   5.7100000e+02	   4.7747032e-01	
   5.7200000e+02	   2.6713180e-01	
   5.7300000e+02	   3.0509512e-01	
   5.7400000e+02	   4.2199577e-02	
   5.7500000e+02	   2.7265985e-02	
   5.7600000e+02	   1.5085489e+00	
   5.7700000e+02	   5.9289470e-02	
   5.7800000e+02	   2.7495297e-02	
   5.7900000e+02	   1.8700924e-01	
   5.8000000e+02	   7.1807370e-02	
   5.8100000e+02	   3.6755542e-02	
   5.8200000e+02	   2.9072183e-01	
   5.8300000e+02	   1.6473778e-01	
   5.8400000e+02	   4.8448415e-02	
   5.8500000e+02	   2.2423468e-01	
   5.8600000e+02	   1.7338017e-01	
   5.8700000e+02	   1.2572076e-02	
   5.8800000e+02	   1.4225586e-02	
   5.8900000e+02	   5.1194809e-01	
   5.9000000e+02	   3.2531921e-01	
   5.9100000e+02	   3.4799451e-01	
   5.9200000e+02	   9.7354669e-02	
   5.9300000e+02	   2.7543851e-01	
   5.9400000e+02	   1.5951063e-01	
   5.9500000e+02	   1.7590938e-01	
   5.9600000e+02	   6.6700230e-01	
   5.9700000e+02	   4.0621547e-01	
   5.9800000e+02	   4.4800088e-01	
   5.9900000e+02	   3.7188544e-01	
   6.0000000e+02	   5.2981764e-01	
   6.0100000e+02	   1.7522348e-01	
   6.0200000e+02	   7.3148678e-01	
   6.0300000e+02	   8.3158402e-03	
   6.0400000e+02	   7.2043985e-01	
   6.0500000e+02	   3.8032115e-01	
   6.0600000e+02	   2.3656082e-01	
   6.0700000e+02	   6.5855937e-02	
   6.0800000e+02	   9.6879977e-01	
   6.0900000e+02	   2.7838685e-02	
   6.1000000e+02	   1.1847115e-01	
   6.1100000e+02	   5.6035698e-02	
   6.1200000e+02	   3.7087766e-01	
   6.1300000e+02	   3.8775346e-01	
   6.1400000e+02	   1.1997227e-01	
   6.1500000e+02	   8.0370709e-02	
   6.1600000e+02	   5.4321405e-01	
   6.1700000e+02	   1.4983826e+00	
   6.1800000e+02	   7.7962358e-03	
   6.1900000e+02	   3.2356165e-02	
   6.2000000e+02	   2.2215312e-01	
   6.2100000e+02	   1.9781659e-01	
   6.2200000e+02	   1.2049326e+00	
   6.2300000e+02	   1.0086492e+00	
   6.2400000e+02	   3.5702910e-01	
   6.2500000e+02	   5.2270346e-01	
   6.2600000e+02	   5.8504730e-01	
   6.2700000e+02	   1.1196165e-01	
   6.2800000e+02	   1.4910032e+00	
   6.2900000e+02	   1.4260858e-01	
   6.3000000e+02	   3.0237061e-02	
   6.3100000e+02	   5.1825675e-02	
   6.3200000e+02	   3.8362559e-01	
   6.3300000e+02	   3.9572056e-01	
   6.3400000e+02	   2.5127993e-01	
   6.3500000e+02	   1.8723954e-01	
   6.3600000e+02	   2.0448989e-01	
   6.3700000e+02	   1.3492568e-01	
   6.3800000e+02	   2.6490429e-01	
   6.3900000e+02	   2.1726510e-01	
   6.4000000e+02	   4.7793810e-01	
   6.4100000e+02	   6.7924093e-01	
   6.4200000e+02	   5.6637713e-02	
   6.4300000e+02	   2.3442825e-01	
   6.4400000e+02	   1.3186058e-01	
   6.4500000e+02	   5.4098802e-01	
   6.4600000e+02	   9.5330753e-01	
   6.4700000e+02	   5.1096259e-01	
   6.4800000e+02	   1.2803398e+00	
   6.4900000e+02	   8.1095078e-02	
   6.5000000e+02	   4.0637160e-02	
   6.5100000e+02	   9.2147366e-02	
   6.5200000e+02	   4.1702087e-01	
   6.5300000e+02	   2.8150976e-01	
   6.5400000e+02	   1.8702606e-01	
   6.5500000e+02	   1.6270438e-01	
   6.5600000e+02	   2.5217276e-01	
   6.5700000e+02	   3.2123910e-01	
   6.5800000e+02	   3.9009254e-01	
   6.5900000e+02	   1.1854505e-01	
   6.6000000e+02	   4.8296921e-01	
   6.6100000e+02	   5.1370902e-01	
   6.6200000e+02	   2.8978347e-01	
   6.6300000e+02	   2.8304343e-01	
   6.6400000e+02	   1.6251543e-02	
   6.6500000e+02	   1.9179407e-01	
   6.6600000e+02	   3.3459003e-01	
   6.6700000e+02	   5.6404882e-01	
   6.6800000e+02	   6.3876108e-02	
   6.6900000e+02	   3.6180552e-01	
   6.7000000e+02	   1.3636992e-01	
   6.7100000e+02	   2.7847857e-01	
   6.7200000e+02	   1.8610083e-01	
   6.7300000e+02	   1.8395294e-01	
   6.7400000e+02	   7.1344217e-01	
   6.7500000e+02	   2.3166317e-01	
   6.7600000e+02	   7.9827296e-03	
   6.7700000e+02	   5.4942170e-01	
   6.7800000e+02	   4.2021818e-01	
   6.7900000e+02	   1.6058021e-01	
   6.8000000e+02	   4.0924133e-01	
   6.8100000e+02	   6.6621387e-01	
   6.8200000e+02	   4.4330864e-01	
   6.8300000e+02	   1.0041707e+00	
   6.8400000e+02	   5.6919492e-02	
   6.8500000e+02	   1.5959572e-01	
   6.8600000e+02	   6.1606505e-02	
   6.8700000e+02	   6.6186054e-01	
   6.8800000e+02	   1.6979013e-01	
   6.8900000e+02	   2.1285460e-01	
   6.9000000e+02	   2.3240441e-01	
   6.9100000e+02	   2.8363735e-01	
   6.9200000e+02	   3.7758413e-02	
   6.9300000e+02	   1.2586229e-01	
   6.9400000e+02	   5.3261975e-01	
   6.9500000e+02	   7.6340625e-02	
   6.9600000e+02	   6.3939357e-01	
   6.9700000e+02	   2.1844560e-01	
   6.9800000e+02	   3.3860450e-02	
   6.9900000e+02	   4.4591193e-02	
   7.0000000e+02	   2.4979855e-01	
   7.0100000e+02	   1.9025800e-02	
   7.0200000e+02	   7.2078336e-01	
   7.0300000e+02	   1.5029296e-01	
   7.0400000e+02	   1.7741141e-01	
   7.0500000e+02	   9.7622181e-02	
   7.0600000e+02	   2.2454942e-01	
   7.0700000e+02	   5.1033501e-01	
   7.0800000e+02	   8.1660096e-01	
   7.0900000e+02	   1.8799791e-01	
   7.1000000e+02	   1.6678321e-01	
   7.1100000e+02	   4.8639807e-01	
   7.1200000e+02	   8.1747762e-02	
   7.1300000e+02	   2.8352378e-01	
   7.1400000e+02	   2.7587541e-01	
   7.1500000e+02	   6.2761011e-01	
   7.1600000e+02	   5.7843790e-02	
   7.1700000e+02	   2.0834750e-01	
   7.1800000e+02	   2.4620218e-02	
   7.1900000e+02	   6.9865511e-01	
   7.2000000e+02	   3.3568307e-02	
   7.2100000e+02	   8.3748574e-02	
   7.2200000e+02	   4.9596618e-02	
   7.2300000e+02	   1.5633495e-01	
   7.2400000e+02	   3.8402153e-01	
   7.2500000e+02	   1.0712404e+00	
   7.2600000e+02	   1.9144909e-01	
   7.2700000e+02	   1.2897600e-01	
   7.2800000e+02	   6.8025356e-03	
   7.2900000e+02	   3.5280047e-01	
   7.3000000e+02	   1.6598087e-01	
   7.3100000e+02	   9.6526759e-02	
   7.3200000e+02	   2.4666804e-01	
   7.3300000e+02	   2.6532583e-02	
   7.3400000e+02	   1.9249130e-01	
   7.3500000e+02	   4.4610623e-01	
   7.3600000e+02	   2.2450600e-01	
   7.3700000e+02	   1.0692401e-01	
   7.3800000e+02	   4.5674471e-02	
   7.3900000e+02	   8.4569828e-02	
   7.4000000e+02	   2.5026387e-01	
   7.4100000e+02	   7.3372476e-02	
   7.4200000e+02	   6.3569353e-01	
   7.4300000e+02	   5.1730362e-02	
   7.4400000e+02	   2.8343446e-01	
   7.4500000e+02	   2.8935274e-01	
   7.4600000e+02	   1.1357733e+00	
   7.4700000e+02	   3.3271361e-02	
   7.4800000e+02	   2.2624936e-01	
   7.4900000e+02	   1.7214469e-01	
   7.5000000e+02	   7.3347588e-02	
   7.5100000e+02	   1.8687799e-01	
   7.5200000e+02	   6.3794340e-02	
   7.5300000e+02	   1.7260248e-01	
   7.5400000e+02	   5.1805915e-01	
   7.5500000e+02	   5.5102309e-01	
   7.5600000e+02	   1.6088710e-01	
   7.5700000e+02	   4.3974035e-02	
   7.5800000e+02	   1.9781688e-02	
   7.5900000e+02	   9.0949132e-02	
   7.6000000e+02	   1.9733784e-03	
   7.6100000e+02	   1.8769699e-01	
   7.6200000e+02	   2.1028325e-01	
   7.6300000e+02	   2.0233176e-01	
   7.6400000e+02	   3.4760483e-01	
   7.6500000e+02	   1.5915344e-01	
   7.6600000e+02	   3.8714344e-02	
   7.6700000e+02	   2.0320355e-01	
   7.6800000e+02	   6.1777286e-01	
   7.6900000e+02	   1.5889605e-01	
   7.7000000e+02	   2.0193849e-01	
   7.7100000e+02	   7.2767084e-03	
   7.7200000e+02	   4.0792706e-01	
   7.7300000e+02	   1.8862859e-01	
   7.7400000e+02	   6.9479390e-02	
   7.7500000e+02	   1.7758004e-01	
   7.7600000e+02	   1.6138103e-01	
   7.7700000e+02	   2.6459071e-02	
   7.7800000e+02	   8.5606182e-02	
   7.7900000e+02	   6.9333136e-02	
   7.8000000e+02	   3.4539946e-01	
   7.8100000e+02	   1.0403962e-03	
   7.8200000e+02	   2.6816547e-01	
   7.8300000e+02	   2.7628248e-01	
   7.8400000e+02	   9.0622565e-02	
   7.8500000e+02	   1.0562970e-01	
   7.8600000e+02	   3.1098297e-02	
   7.8700000e+02	   2.5466865e-01	
   7.8800000e+02	   1.2657674e-02	
   7.8900000e+02	   5.7818826e-02	
   7.9000000e+02	   2.1539192e-01	
   7.9100000e+02	   7.2114441e-02	
   7.9200000e+02	   6.0834463e-01	
   7.9300000e+02	   2.1339496e-01	
   7.9400000e+02	   3.7270269e-01	
   7.9500000e+02	   1.2350788e+00	
   7.9600000e+02	   6.2580356e-01	
   7.9700000e+02	   9.9707694e-02	
   7.9800000e+02	   9.8797900e-02	
   7.9900000e+02	   6.7392947e-03	
   8.0000000e+02	   1.3345006e-01	
   8.0100000e+02	   1.6386338e-01	
   8.0200000e+02	   3.0878957e-01	
   8.0300000e+02	   1.2690327e-01	
   8.0400000e+02	   1.8682233e-01	
   8.0500000e+02	   7.4765778e-02	
   8.0600000e+02	   2.4063993e-01	
   8.0700000e+02	   4.0068239e-02	
   8.0800000e+02	   1.6075890e-01	
   8.0900000e+02	   4.8181232e-02	
   8.1000000e+02	   5.5112976e-02	
   8.1100000e+02	   3.5614550e-01	
   8.1200000e+02	   5.4144719e-02	
   8.1300000e+02	   4.7991120e-02	
   8.1400000e+02	   1.0423735e-01	
   8.1500000e+02	   1.3437992e-03	
   8.1600000e+02	   2.5147489e-01	
   8.1700000e+02	   3.7004961e-01	
   8.1800000e+02	   1.7665061e-01	
   8.1900000e+02	   1.4531451e-02	
   8.2000000e+02	   4.1043541e-02	
   8.2100000e+02	   5.2011273e-03	
   8.2200000e+02	   8.8621009e-02	
   8.2300000e+02	   2.7536882e-01	
   8.2400000e+02	   2.0525540e-01	
   8.2500000e+02	   1.8970743e-01	
   8.2600000e+02	   4.5104508e-01	
   8.2700000e+02	   4.3819514e-02	
   8.2800000e+02	   1.4892191e-01	
   8.2900000e+02	   2.8344749e-02	
   8.3000000e+02	   2.2878105e-01	
   8.3100000e+02	   3.7759608e-02	
   8.3200000e+02	   7.4207175e-01	
   8.3300000e+02	   4.6342927e-02	
   8.3400000e+02	   2.1353277e-01	
   8.3500000e+02	   3.8508711e-01	
   8.3600000e+02	   3.0327196e-01	
   8.3700000e+02	   1.5868489e-01	
   8.3800000e+02	   5.1821083e-02	
   8.3900000e+02	   1.5934128e-01	
   8.4000000e+02	   4.1593384e-02	
   8.4100000e+02	   1.0441074e-01	
   8.4200000e+02	   1.3529703e-01	
   8.4300000e+02	   3.6924782e-02	
   8.4400000e+02	   1.2531405e-01	
   8.4500000e+02	   2.7651425e-01	
   8.4600000e+02	   1.7766819e-02	
   8.4700000e+02	   6.3919482e-01	
   8.4800000e+02	   6.2020318e-02	
   8.4900000e+02	   4.7333882e-01	
   8.5000000e+02	   1.0265498e+00	
   8.5100000e+02	   7.0489557e-02	
   8.5200000e+02	   2.6352752e-01	
   8.5300000e+02	   5.4017219e-02	
   8.5400000e+02	   2.9774127e-01	
   8.5500000e+02	   1.2758533e-03	
   8.5600000e+02	   4.3304140e-01	
   8.5700000e+02	   6.5858605e-01	
   8.5800000e+02	   2.4044978e-01	
   8.5900000e+02	   1.2234040e-01	
   8.6000000e+02	   1.3377887e-01	
   8.6100000e+02	   1.0197533e-01	
   8.6200000e+02	   4.6582830e-01	
   8.6300000e+02	   1.9239573e-01	
   8.6400000e+02	   6.8271389e-02	
   8.6500000e+02	   2.6719031e-01	
   8.6600000e+02	   2.1761028e-02	
   8.6700000e+02	   4.4724261e-01	
   8.6800000e+02	   7.1200351e-01	
   8.6900000e+02	   2.6619513e-02	
   8.7000000e+02	   2.8759056e-01	
   8.7100000e+02	   3.2529383e-01	
   8.7200000e+02	   4.2398571e-01	
   8.7300000e+02	   2.4732788e-01	
   8.7400000e+02	   1.6989245e-01	
   8.7500000e+02	   3.8517880e-02	
   8.7600000e+02	   1.1426177e-01	
   8.7700000e+02	   1.2789836e-01	
   8.7800000e+02	   3.4409764e-02	
   8.7900000e+02	   3.6774263e-02	
   8.8000000e+02	   1.5642581e-01	
   8.8100000e+02	   2.3156050e-01	
   8.8200000e+02	   5.0896061e-02	
   8.8300000e+02	   4.6904558e-01	
   8.8400000e+02	   2.9058602e-01	
   8.8500000e+02	   1.5297521e-01	
   8.8600000e+02	   2.2283829e-01	
   8.8700000e+02	   7.8938050e-01	
   8.8800000e+02	   2.8950081e-01	
   8.8900000e+02	   3.0132999e-01	
   8.9000000e+02	   6.9956190e-02	
   8.9100000e+02	   6.1990404e-03	
   8.9200000e+02	   1.3480034e-01	
   8.9300000e+02	   3.9339531e-02	
   8.9400000e+02	   9.0197878e-03	
   8.9500000e+02	   4.5630161e-01	
   8.9600000e+02	   9.0771144e-03	
   8.9700000e+02	   5.2936624e-02	
   8.9800000e+02	   1.1859053e-02	
   8.9900000e+02	   2.5209491e-02	
   9.0000000e+02	   1.5311048e-01	
   9.0100000e+02	   5.4476454e-02	
   9.0200000e+02	   3.0073497e-01	
   9.0300000e+02	   3.9411821e-01	
   9.0400000e+02	   6.7819940e-02	
   9.0500000e+02	   3.4618687e-01	
   9.0600000e+02	   2.7025773e-01	
   9.0700000e+02	   4.7023646e-02	
   9.0800000e+02	   8.9348831e-02	
   9.0900000e+02	   3.2271796e-01	
   9.1000000e+02	   1.6544818e-01	
   9.1100000e+02	   2.6321962e-02	
   9.1200000e+02	   1.0583175e-02	
   9.1300000e+02	   3.4497990e-01	
   9.1400000e+02	   2.1133820e-01	
   9.1500000e+02	   1.4574956e-01	
   9.1600000e+02	   3.9461436e-01	
   9.1700000e+02	   1.4660189e-01	
   9.1800000e+02	   2.1643172e-02	
   9.1900000e+02	   7.0700241e-04	
   9.2000000e+02	   3.2932585e-02	
   9.2100000e+02	   1.0924187e-02	
   9.2200000e+02	   7.7503520e-02	
   9.2300000e+02	   2.2342201e-01	
   9.2400000e+02	   1.3311539e-01	
   9.2500000e+02	   1.9430139e-01	
   9.2600000e+02	   1.7260096e-01	
   9.2700000e+02	   2.3734297e-02	
   9.2800000e+02	   4.9348432e-01	
   9.2900000e+02	   1.0185017e-01	
   9.3000000e+02	   9.3077927e-02	
   9.3100000e+02	   1.3379152e-01	
   9.3200000e+02	   8.2294973e-03	
   9.3300000e+02	   3.6123643e-02	
   9.3400000e+02	   9.0286759e-02	
   9.3500000e+02	   1.0088883e-01	
   9.3600000e+02	   6.2364993e-02	
   9.3700000e+02	   4.0497445e-01	
   9.3800000e+02	   3.5093199e-01	
   9.3900000e+02	   1.6655345e-01	
   9.4000000e+02	   2.3923252e-02	
   9.4100000e+02	   9.8911870e-03	
   9.4200000e+02	   3.0252016e-01	
   9.4300000e+02	   4.5977158e-01	
   9.4400000e+02	   1.5305710e-01	
   9.4500000e+02	   1.0749790e-01	
   9.4600000e+02	   6.9101150e-02	
   9.4700000e+02	   1.5269774e-01	
   9.4800000e+02	   1.3521054e-01	
   9.4900000e+02	   1.0302802e-01	
   9.5000000e+02	   2.5395426e-01	
   9.5100000e+02	   6.8542757e-02	
   9.5200000e+02	   3.3608692e-01	
   9.5300000e+02	   3.8089190e-01	
   9.5400000e+02	   4.1921073e-02	
   9.5500000e+02	   1.6110094e-01	
   9.5600000e+02	   1.9314617e-01	
   9.5700000e+02	   4.7926816e-02	
   9.5800000e+02	   3.9385510e-01	
   9.5900000e+02	   1.0278658e-01	
   9.6000000e+02	   1.3887308e-02	
   9.6100000e+02	   4.0344958e-02	
   9.6200000e+02	   2.2873493e-01	
   9.6300000e+02	   3.4741909e-01	
   9.6400000e+02	   7.2257352e-02	
   9.6500000e+02	   5.0679149e-01	
   9.6600000e+02	   6.9189386e-02	
   9.6700000e+02	   4.1710539e-01	
   9.6800000e+02	   1.8215392e-01	
   9.6900000e+02	   8.3782094e-02	
   9.7000000e+02	   1.9470063e-01	
   9.7100000e+02	   3.7648279e-01	
   9.7200000e+02	   6.9712740e-02	
   9.7300000e+02	   2.9912656e-02	
   9.7400000e+02	   2.3793935e-01	
   9.7500000e+02	   6.2226191e-02	
   9.7600000e+02	   4.6420663e-01	
   9.7700000e+02	   1.7991893e-02	
   9.7800000e+02	   6.9333337e-02	
   9.7900000e+02	   1.3819646e-01	
   9.8000000e+02	   4.3640903e-02	
   9.8100000e+02	   2.4653548e-01	
   9.8200000e+02	   4.8399904e-01	
   9.8300000e+02	   1.6923465e-01	
   9.8400000e+02	   1.5868053e-01	
   9.8500000e+02	   2.0075600e-02	
   9.8600000e+02	   3.3471310e-02	
   9.8700000e+02	   9.7989340e-03	
   9.8800000e+02	   8.0546363e-01	
   9.8900000e+02	   1.5954010e-02	
   9.9000000e+02	   4.8758708e-02	
   9.9100000e+02	   1.0318724e-01	
   9.9200000e+02	   9.9603376e-03	
   9.9300000e+02	   1.8005937e-01	
   9.9400000e+02	   1.2703148e-01	
   9.9500000e+02	   1.5178726e-02	
   9.9600000e+02	   2.4839852e-02	
   9.9700000e+02	   4.5496945e-02	
   9.9800000e+02	   5.5049681e-01	
   9.9900000e+02	   4.4812797e-01	
   1.0000000e+03	   3.6223211e-02	
   1.0010000e+03	   1.4248065e+00	
   1.0020000e+03	   1.5807770e+00	
   1.0030000e+03	   5.2622501e-02	
   1.0040000e+03	   5.6093603e-02	
   1.0050000e+03	   3.9060109e-01	
   1.0060000e+03	   4.8106579e-02	
   1.0070000e+03	   5.2695502e-03	
   1.0080000e+03	   1.4865702e-01	
   1.0090000e+03	   7.9161997e-02	
   1.0100000e+03	   2.4606684e-01	
   1.0110000e+03	   2.3704428e-01	
   1.0120000e+03	   4.6913820e-01	
   1.0130000e+03	   1.8737983e-01	
   1.0140000e+03	   1.0383715e-01	
   1.0150000e+03	   4.2191478e-01	
   1.0160000e+03	   1.9881061e-01	
   1.0170000e+03	   1.8252418e-01	
   1.0180000e+03	   2.0046533e-01	
   1.0190000e+03	   7.4202288e-02	
   1.0200000e+03	   4.3135693e-02	
   1.0210000e+03	   3.6286618e-02	
   1.0220000e+03	   1.5718940e-01	
   1.0230000e+03	   2.8463995e-03	
   1.0240000e+03	   1.8628713e-01	
   1.0250000e+03	   1.8967978e-01	
   1.0260000e+03	   4.4370499e-02	
   1.0270000e+03	   1.0721661e-01	
   1.0280000e+03	   9.5205192e-02	
   1.0290000e+03	   2.6332284e-01	
   1.0300000e+03	   5.3307284e-01	
   1.0310000e+03	   5.4704600e-02	
   1.0320000e+03	   1.6629237e-01	
   1.0330000e+03	   5.5591056e-02	
   1.0340000e+03	   3.4555490e-02	
   1.0350000e+03	   2.4561172e-01	
   1.0360000e+03	   3.2033337e-01	
   1.0370000e+03	   4.6136796e-02	
   1.0380000e+03	   3.9461831e-02	
   1.0390000e+03	   1.2289583e-02	
   1.0400000e+03	   1.8734976e-01	
   1.0410000e+03	   2.0735418e-01	
   1.0420000e+03	   2.2505235e-01	
   1.0430000e+03	   1.0226321e-01	
   1.0440000e+03	   3.4544941e-01	
   1.0450000e+03	   6.4308155e-02	
   1.0460000e+03	   1.4337705e-01	
   1.0470000e+03	   1.8694189e-02	
   1.0480000e+03	   4.5753686e-01	
   1.0490000e+03	   1.5955095e-01	
   1.0500000e+03	   2.0251907e-02	
   1.0510000e+03	   2.8124846e-02	
   1.0520000e+03	   3.8972367e-02	
   1.0530000e+03	   4.9308953e-01	
   1.0540000e+03	   1.0538740e-01	
   1.0550000e+03	   3.8874271e-01	
   1.0560000e+03	   1.6127969e-02	
   1.0570000e+03	   2.6696119e-02	
   1.0580000e+03	   4.9194267e-02	
   1.0590000e+03	   1.0276646e-01	
   1.0600000e+03	   1.6658464e-01	
   1.0610000e+03	   3.9810204e-02	
   1.0620000e+03	   1.5572089e-01	
   1.0630000e+03	   5.0816193e-02	
   1.0640000e+03	   5.3509017e-02	
   1.0650000e+03	   2.1599066e-01	
   1.0660000e+03	   2.3433171e-02	
   1.0670000e+03	   2.3548810e-01	
   1.0680000e+03	   2.2653565e-01	
   1.0690000e+03	   1.8107803e-01	
   1.0700000e+03	   3.2571021e-01	
   1.0710000e+03	   1.7840805e-01	
   1.0720000e+03	   5.8162276e-02	
   1.0730000e+03	   3.1546809e-01	
   1.0740000e+03	   1.4006599e-01	
   1.0750000e+03	   6.0850775e-02	
   1.0760000e+03	   8.1961555e-02	
   1.0770000e+03	   1.5144567e-01	
   1.0780000e+03	   4.6836315e-02	
   1.0790000e+03	   4.7583263e-01	
   1.0800000e+03	   5.7467437e-02	
   1.0810000e+03	   2.6798982e-01	
   1.0820000e+03	   1.5429709e-01	
   1.0830000e+03	   6.1699375e-03	
   1.0840000e+03	   5.8941873e-02	
   1.0850000e+03	   1.3791172e-01	
   1.0860000e+03	   1.0998458e-01	
   1.0870000e+03	   2.1171739e-01	
   1.0880000e+03	   3.4771551e-01	
   1.0890000e+03	   7.8812287e-03	
   1.0900000e+03	   3.5763749e-02	
   1.0910000e+03	   2.0691840e-01	
   1.0920000e+03	   6.9277484e-01	
   1.0930000e+03	   8.6109440e-02	
   1.0940000e+03	   9.4597324e-01	
   1.0950000e+03	   4.2784116e-01	
   1.0960000e+03	   9.1089405e-02	
   1.0970000e+03	   1.4180392e-01	
   1.0980000e+03	   2.6882158e-02	
   1.0990000e+03	   5.0504305e-01	
   1.1000000e+03	   8.9220475e-02	
   1.1010000e+03	   5.9645671e-01	
   1.1020000e+03	   1.5992992e-02	
   1.1030000e+03	   5.9258061e-01	
   1.1040000e+03	   1.9967308e-01	
   1.1050000e+03	   3.9964729e-01	
   1.1060000e+03	   7.1713487e-02	
   1.1070000e+03	   6.8082563e-02	
   1.1080000e+03	   4.7278617e-03	
   1.1090000e+03	   1.5074036e-01	
   1.1100000e+03	   1.1392105e-01	
   1.1110000e+03	   9.2637908e-02	
   1.1120000e+03	   2.4084890e-01	
   1.1130000e+03	   1.8026192e-01	
   1.1140000e+03	   3.2656793e-01	
   1.1150000e+03	   1.1348055e-01	
   1.1160000e+03	   1.5876038e-01	
   1.1170000e+03	   6.7406620e-02	
   1.1180000e+03	   1.0867335e-02	
   1.1190000e+03	   1.0036376e-01	
   1.1200000e+03	   4.7801001e-01	
   1.1210000e+03	   6.2132696e-01	
   1.1220000e+03	   4.6572339e-01	
   1.1230000e+03	   2.8825567e-02	
   1.1240000e+03	   4.7226600e-03	
   1.1250000e+03	   6.9232585e-01	
   1.1260000e+03	   8.0588898e-02	
   1.1270000e+03	   3.0569851e-01	
   1.1280000e+03	   9.9390677e-02	
   1.1290000e+03	   6.4595522e-02	
   1.1300000e+03	   2.0862823e-01	
   1.1310000e+03	   9.0760095e-02	
   1.1320000e+03	   2.3149201e-01	
   1.1330000e+03	   4.1652667e-03	
   1.1340000e+03	   3.4496881e-01	
   1.1350000e+03	   3.7055894e-01	
   1.1360000e+03	   6.5088179e-01	
   1.1370000e+03	   3.2183081e-03	
   1.1380000e+03	   1.0435595e-01	
   1.1390000e+03	   2.4021602e-01	
   1.1400000e+03	   6.2371361e-02	
   1.1410000e+03	   2.5514159e-01	
   1.1420000e+03	   2.6258106e-01	
   1.1430000e+03	   1.5952510e-01	
   1.1440000e+03	   2.5545135e-02	
   1.1450000e+03	   1.4033300e-01	
   1.1460000e+03	   5.5193082e-01	
   1.1470000e+03	   2.8731363e-01	
   1.1480000e+03	   3.6750522e-01	
   1.1490000e+03	   2.3084526e-01	
   1.1500000e+03	   1.8967758e-01	
   1.1510000e+03	   3.1874261e-01	
   1.1520000e+03	   1.1805429e-01	
   1.1530000e+03	   4.5258882e-01	
   1.1540000e+03	   7.5728275e-02	
   1.1550000e+03	   8.9131460e-02	
   1.1560000e+03	   2.2367692e-02	
   1.1570000e+03	   1.7380007e-01	
   1.1580000e+03	   1.0049294e-01	
   1.1590000e+03	   2.7493550e-01	
   1.1600000e+03	   7.1614591e-03	
   1.1610000e+03	   1.9602528e-01	
   1.1620000e+03	   1.1888160e-01	
   1.1630000e+03	   2.4503445e-01	
   1.1640000e+03	   8.6370122e-03	
   1.1650000e+03	   1.7807260e-02	
   1.1660000e+03	   4.3481922e-02	
   1.1670000e+03	   3.7805057e-01	
   1.1680000e+03	   2.5608982e-02	
   1.1690000e+03	   1.0540704e-02	
   1.1700000e+03	   6.7709224e-02	
   1.1710000e+03	   1.1498371e-02	
   1.1720000e+03	   1.6160256e-01	
   1.1730000e+03	   1.8140222e-01	
   1.1740000e+03	   2.9343371e-01	
   1.1750000e+03	   1.7465109e-01	
   1.1760000e+03	   1.5128105e-01	
   1.1770000e+03	   1.6295079e-02	
   1.1780000e+03	   2.7618894e-02	
   1.1790000e+03	   9.3859259e-02	
   1.1800000e+03	   2.0411873e-01	
   1.1810000e+03	   2.4037183e-01	
   1.1820000e+03	   9.9355772e-02	
   1.1830000e+03	   6.3454073e-02	
   1.1840000e+03	   1.8037643e-01	
   1.1850000e+03	   1.6890621e-01	
   1.1860000e+03	   1.6348351e-01	
   1.1870000e+03	   1.8803933e-02	
   1.1880000e+03	   2.2300633e-01	
   1.1890000e+03	   1.1172908e-01	
   1.1900000e+03	   1.3365732e-02	
   1.1910000e+03	   8.4914867e-02	
   1.1920000e+03	   3.4721555e-02	
   1.1930000e+03	   1.8349509e-01	
   1.1940000e+03	   9.0258556e-02	
   1.1950000e+03	   1.4064057e-01	
   1.1960000e+03	   1.6303783e-01	
   1.1970000e+03	   1.4019388e-02	
   1.1980000e+03	   2.1507154e-03	
   1.1990000e+03	   9.8497099e-03	
   1.2000000e+03	   2.2024381e-01	
   1.2010000e+03	   8.3469000e-02	
   1.2020000e+03	   2.0172754e-01	
   1.2030000e+03	   1.6072434e-02	
   1.2040000e+03	   1.5357422e-02	
   1.2050000e+03	   2.0352775e-02	
   1.2060000e+03	   3.0707404e-02	
   1.2070000e+03	   1.2814459e-03	
   1.2080000e+03	   8.1715064e-03	
   1.2090000e+03	   1.3513058e-01	
   1.2100000e+03	   2.0605228e-01	
   1.2110000e+03	   1.7057117e-01	
   1.2120000e+03	   7.2966964e-03	
   1.2130000e+03	   4.1067630e-02	
   1.2140000e+03	   1.2675761e-01	
   1.2150000e+03	   8.4579334e-02	
   1.2160000e+03	   3.6744204e-02	
   1.2170000e+03	   2.8535485e-01	
   1.2180000e+03	   1.0715937e-01	
   1.2190000e+03	   1.1272225e-01	
   1.2200000e+03	   1.0544260e-01	
   1.2210000e+03	   3.7245620e-02	
   1.2220000e+03	   1.4254889e-02	
   1.2230000e+03	   1.3144406e-01	
   1.2240000e+03	   5.0596542e-02	
   1.2250000e+03	   4.4733481e-02	
   1.2260000e+03	   1.4198021e-05	
   1.2270000e+03	   7.2575922e-02	
   1.2280000e+03	   6.9355102e-04	
   1.2290000e+03	   9.0410691e-02	
   1.2300000e+03	   1.8642960e-01	
   1.2310000e+03	   1.7878198e-01	
   1.2320000e+03	   2.0790426e-01	
   1.2330000e+03	   4.1851721e-02	
   1.2340000e+03	   1.0705015e-01	
   1.2350000e+03	   6.8625465e-04	
   1.2360000e+03	   9.6031391e-02	
   1.2370000e+03	   3.5699313e-02	
   1.2380000e+03	   2.1818112e-01	
   1.2390000e+03	   1.6768059e-01	
   1.2400000e+03	   5.0643554e-03	
   1.2410000e+03	   8.7092861e-02	
   1.2420000e+03	   6.4461722e-02	
   1.2430000e+03	   1.2119749e-02	
   1.2440000e+03	   3.0319950e-01	
   1.2450000e+03	   2.0490987e-01	
   1.2460000e+03	   1.3241784e-01	
   1.2470000e+03	   2.3798820e-02	
   1.2480000e+03	   2.2994526e-01	
   1.2490000e+03	   5.7984860e-02	
   1.2500000e+03	   1.0148732e-02	
   1.2510000e+03	   1.3016233e-01	
   1.2520000e+03	   1.1767399e-01	
   1.2530000e+03	   4.0285761e-01	
   1.2540000e+03	   5.9160675e-02	
   1.2550000e+03	   1.5981709e-01	
   1.2560000e+03	   1.5750679e-01	
   1.2570000e+03	   4.7106150e-02	
   1.2580000e+03	   2.2633781e-01	
   1.2590000e+03	   5.1904551e-02	
   1.2600000e+03	   6.0100417e-02	
   1.2610000e+03	   1.6255305e-02	
   1.2620000e+03	   4.0375961e-02	
   1.2630000e+03	   1.1250621e-01	
   1.2640000e+03	   4.3512178e-02	
   1.2650000e+03	   2.0701149e-01	
   1.2660000e+03	   4.5601287e-01	
   1.2670000e+03	   1.4652174e-01	
   1.2680000e+03	   1.1940670e-01	
   1.2690000e+03	   1.6577260e-01	
   1.2700000e+03	   1.0390317e-01	
   1.2710000e+03	   8.3650244e-02	
   1.2720000e+03	   2.8592668e-01	
   1.2730000e+03	   1.4839850e-02	
   1.2740000e+03	   1.3194544e-02	
   1.2750000e+03	   5.8798719e-01	
   1.2760000e+03	   8.2742841e-02	
   1.2770000e+03	   1.4655319e-01	
   1.2780000e+03	   2.4663578e-02	
   1.2790000e+03	   2.4350988e-01	
   1.2800000e+03	   1.5482707e-01	
   1.2810000e+03	   2.2954684e-01	
   1.2820000e+03	   9.2443685e-02	
   1.2830000e+03	   2.2802221e-01	
   1.2840000e+03	   2.1294166e-01	
   1.2850000e+03	   3.9521080e-02	
   1.2860000e+03	   1.9198219e-01	
   1.2870000e+03	   4.2697606e-01	
   1.2880000e+03	   8.2993071e-02	
   1.2890000e+03	   9.4458617e-02	
   1.2900000e+03	   1.0665215e-01	
   1.2910000e+03	   1.7978115e-01	
   1.2920000e+03	   2.3277599e-01	
   1.2930000e+03	   2.3560516e-01	
   1.2940000e+03	   2.1493116e-01	
   1.2950000e+03	   1.1942128e-01	
   1.2960000e+03	   1.2105592e-01	
   1.2970000e+03	   1.7041051e-01	
   1.2980000e+03	   8.9759264e-02	
   1.2990000e+03	   1.8703668e-01	
   1.3000000e+03	   2.0901196e-02	
   1.3010000e+03	   1.8037256e-01	
   1.3020000e+03	   1.4325939e-03	
   1.3030000e+03	   4.4120167e-01	
   1.3040000e+03	   8.2393364e-02	
   1.3050000e+03	   1.1035380e-01	
   1.3060000e+03	   6.2599510e-02	
   1.3070000e+03	   4.7824685e-03	
   1.3080000e+03	   1.2117582e-03	
   1.3090000e+03	   5.3905401e-02	
   1.3100000e+03	   2.7705613e-01	
   1.3110000e+03	   2.6515302e-02	
   1.3120000e+03	   2.4152657e-01	
   1.3130000e+03	   1.2635463e-01	
   1.3140000e+03	   9.6209749e-02	
   1.3150000e+03	   1.9765133e-01	
   1.3160000e+03	   2.3309297e-02	
   1.3170000e+03	   3.3949637e-01	
   1.3180000e+03	   2.9340981e-02	
   1.3190000e+03	   8.8249680e-02	
   1.3200000e+03	   4.2688997e-02	
   1.3210000e+03	   1.1032634e-01	
   1.3220000e+03	   1.7109279e-02	
   1.3230000e+03	   8.6291143e-02	
   1.3240000e+03	   9.9082679e-03	
   1.3250000e+03	   1.9015977e-01	
   1.3260000e+03	   9.4424742e-02	
   1.3270000e+03	   1.1581905e-02	
   1.3280000e+03	   1.1216710e-01	
   1.3290000e+03	   1.2134501e-01	
   1.3300000e+03	   5.3357265e-01	
   1.3310000e+03	   1.4445880e-01	
   1.3320000e+03	   8.8067308e-02	
   1.3330000e+03	   1.8966954e-02	
   1.3340000e+03	   8.8585163e-02	
   1.3350000e+03	   2.1652902e-02	
   1.3360000e+03	   1.4069421e-02	
   1.3370000e+03	   2.1131585e-01	
   1.3380000e+03	   4.9628962e-02	
   1.3390000e+03	   2.6104816e-01	
   1.3400000e+03	   5.7217524e-02	
   1.3410000e+03	   2.7521904e-02	
   1.3420000e+03	   9.4951002e-02	
   1.3430000e+03	   2.6140652e-01	
   1.3440000e+03	   1.6588859e-02	
   1.3450000e+03	   6.6391653e-02	
   1.3460000e+03	   4.2409671e-02	
   1.3470000e+03	   2.6416858e-01	
   1.3480000e+03	   3.0961827e-02	
   1.3490000e+03	   7.8344166e-02	
   1.3500000e+03	   1.1362763e-02	
   1.3510000e+03	   2.4330469e-02	
   1.3520000e+03	   7.6334553e-04	
   1.3530000e+03	   3.5430491e-01	
   1.3540000e+03	   2.1732258e-01	
   1.3550000e+03	   4.5405362e-01	
   1.3560000e+03	   4.3632008e-02	
   1.3570000e+03	   5.7038616e-02	
   1.3580000e+03	   7.7670290e-02	
   1.3590000e+03	   5.8022350e-02	
   1.3600000e+03	   1.4470111e-02	
   1.3610000e+03	   5.0347766e-01	
   1.3620000e+03	   1.8311888e-01	
   1.3630000e+03	   2.0922353e-01	
   1.3640000e+03	   1.5582292e-01	
   1.3650000e+03	   5.0778895e-01	
   1.3660000e+03	   4.0613317e-02	
   1.3670000e+03	   1.8367205e-01	
   1.3680000e+03	   5.4773808e-02	
   1.3690000e+03	   4.8271072e-02	
   1.3700000e+03	   1.3221679e-02	
   1.3710000e+03	   2.8444357e-03	
   1.3720000e+03	   1.4082299e-01	
   1.3730000e+03	   1.8127842e-01	
   1.3740000e+03	   1.9882463e-02	
   1.3750000e+03	   3.1423313e-01	
   1.3760000e+03	   2.9492956e-02	
   1.3770000e+03	   1.4817567e-02	
   1.3780000e+03	   9.7238458e-02	
   1.3790000e+03	   7.9708388e-02	
   1.3800000e+03	   4.7223549e-01	
   1.3810000e+03	   1.2549757e-01	
   1.3820000e+03	   3.5530776e-01	
   1.3830000e+03	   1.7617418e-01	
   1.3840000e+03	   3.9174523e-01	
   1.3850000e+03	   1.1900046e-01	
   1.3860000e+03	   5.5253784e-02	
   1.3870000e+03	   1.2672187e-01	
   1.3880000e+03	   4.5879277e-02	
   1.3890000e+03	   1.6125212e-01	
   1.3900000e+03	   4.8190054e-02	
   1.3910000e+03	   8.2503678e-02	
   1.3920000e+03	   2.9695894e-01	
   1.3930000e+03	   1.6118885e-01	
   1.3940000e+03	   1.9452592e-04	
   1.3950000e+03	   1.1546630e-01	
   1.3960000e+03	   3.0304319e-01	
   1.3970000e+03	   5.3875323e-02	
   1.3980000e+03	   1.0373697e-01	
   1.3990000e+03	   4.1710125e-01	
   1.4000000e+03	   1.5856548e-01	
   1.4010000e+03	   3.4871616e-01	
   1.4020000e+03	   6.0130160e-02	
   1.4030000e+03	   2.0621623e-01	
   1.4040000e+03	   2.2288788e-01	
   1.4050000e+03	   2.2776275e-02	
   1.4060000e+03	   3.1007275e-01	
   1.4070000e+03	   2.2102822e-01	
   1.4080000e+03	   2.7186602e-02	
   1.4090000e+03	   1.1806417e-02	
   1.4100000e+03	   6.7187992e-02	
   1.4110000e+03	   4.8632121e-02	
   1.4120000e+03	   3.0009723e-01	
   1.4130000e+03	   5.9748885e-03	
   1.4140000e+03	   4.0505403e-01	
   1.4150000e+03	   6.9306471e-02	
   1.4160000e+03	   1.0907601e-01	
   1.4170000e+03	   1.9596294e-01	
   1.4180000e+03	   7.8263897e-02	
   1.4190000e+03	   4.8503572e-02	
   1.4200000e+03	   2.5252875e-01	
   1.4210000e+03	   2.5058332e-02	
   1.4220000e+03	   7.4723915e-02	
   1.4230000e+03	   3.2808396e-02	
   1.4240000e+03	   1.7529586e-01	
   1.4250000e+03	   1.2133414e-01	
   1.4260000e+03	   4.2342549e-01	
   1.4270000e+03	   1.6552163e-01	
   1.4280000e+03	   3.0455567e-01	
   1.4290000e+03	   4.5052952e-03	
   1.4300000e+03	   1.6710984e-02	
   1.4310000e+03	   2.1823966e-03	
   1.4320000e+03	   2.2852709e-01	
   1.4330000e+03	   1.7976855e-02	
   1.4340000e+03	   1.2913409e-02	
   1.4350000e+03	   2.0521012e-01	
   1.4360000e+03	   4.2623636e-02	
   1.4370000e+03	   3.1827065e-01	
   1.4380000e+03	   2.1464206e-01	
   1.4390000e+03	   1.1779110e-01	
   1.4400000e+03	   2.7055430e-01	
   1.4410000e+03	   3.2377071e-02	
   1.4420000e+03	   6.1658820e-02	
   1.4430000e+03	   1.0267898e-01	
   1.4440000e+03	   2.6022684e-01	
   1.4450000e+03	   5.3049425e-02	
   1.4460000e+03	   1.6548484e-01	
   1.4470000e+03	   1.6162204e-01	
   1.4480000e+03	   2.8561025e-02	
   1.4490000e+03	   9.7608564e-02	
   1.4500000e+03	   1.4625805e-01	
   1.4510000e+03	   4.3353891e-02	
   1.4520000e+03	   3.0759459e-01	
   1.4530000e+03	   1.3407003e-01	
   1.4540000e+03	   1.0690817e-01	
   1.4550000e+03	   3.5190863e-02	
   1.4560000e+03	   3.3432888e-02	
   1.4570000e+03	   3.6671112e-02	
   1.4580000e+03	   9.2029125e-03	
   1.4590000e+03	   1.5029569e-02	
   1.4600000e+03	   7.4655095e-02	
   1.4610000e+03	   2.1516534e-03	
   1.4620000e+03	   1.5106302e-01	
   1.4630000e+03	   1.6679621e-01	
   1.4640000e+03	   3.6131107e-02	
   1.4650000e+03	   1.9569448e-01	
   1.4660000e+03	   1.0591877e-01	
   1.4670000e+03	   3.2286009e-02	
   1.4680000e+03	   1.6121010e-02	
   1.4690000e+03	   1.1427160e-01	
   1.4700000e+03	   2.4457284e-01	
   1.4710000e+03	   4.3778436e-02	
   1.4720000e+03	   5.4862740e-01	
   1.4730000e+03	   8.7747704e-04	
   1.4740000e+03	   7.4384740e-02	
   1.4750000e+03	   8.8137049e-02	
   1.4760000e+03	   5.0458057e-02	
   1.4770000e+03	   2.1565447e-01	
   1.4780000e+03	   1.2287653e-01	
   1.4790000e+03	   1.3986228e-01	
   1.4800000e+03	   1.0755057e-01	
   1.4810000e+03	   5.8426557e-02	
   1.4820000e+03	   2.0581871e-01	
   1.4830000e+03	   1.5891761e-01	
   1.4840000e+03	   3.3468850e-01	
   1.4850000e+03	   2.8003597e-02	
   1.4860000e+03	   1.7524964e-01	
   1.4870000e+03	   5.4164413e-03	
   1.4880000e+03	   4.0810976e-01	
   1.4890000e+03	   2.6015171e-02	
   1.4900000e+03	   3.7930130e-01	
   1.4910000e+03	   1.0838045e-01	
   1.4920000e+03	   2.0331161e-01	
   1.4930000e+03	   1.6764683e-01	
   1.4940000e+03	   3.6541256e-02	
   1.4950000e+03	   1.2467978e-01	
   1.4960000e+03	   2.6959856e-01	
   1.4970000e+03	   2.4558363e-01	
   1.4980000e+03	   1.5509440e-01	
   1.4990000e+03	   2.2618159e-01	
   1.5000000e+03	   3.7951131e-01	
   1.5010000e+03	   7.8472779e-03	
   1.5020000e+03	   5.8323061e-02	
   1.5030000e+03	   2.2182168e-01	
   1.5040000e+03	   4.8888350e-01	
   1.5050000e+03	   1.5046918e-01	
   1.5060000e+03	   5.6993860e-02	
   1.5070000e+03	   2.2752396e-02	
   1.5080000e+03	   6.6871637e-01	
   1.5090000e+03	   2.7664160e-01	
   1.5100000e+03	   1.5172503e-02	
   1.5110000e+03	   2.0001406e-02	
   1.5120000e+03	   1.4440375e-01	
   1.5130000e+03	   1.9622592e-01	
   1.5140000e+03	   5.0106707e-02	
   1.5150000e+03	   1.0387373e-01	
   1.5160000e+03	   9.2025483e-02	
   1.5170000e+03	   2.0588426e-02	
   1.5180000e+03	   1.4132232e-01	
   1.5190000e+03	   5.7361157e-02	
   1.5200000e+03	   7.0059917e-02	
   1.5210000e+03	   5.5819670e-02	
   1.5220000e+03	   1.6969986e-02	
   1.5230000e+03	   2.5455037e-01	
   1.5240000e+03	   3.2543330e-01	
   1.5250000e+03	   9.9101434e-01	
   1.5260000e+03	   3.4786764e-01	
   1.5270000e+03	   2.4594624e-01	
   1.5280000e+03	   1.2486338e-01	
   1.5290000e+03	   1.8703832e-01	
   1.5300000e+03	   3.5607967e-02	
   1.5310000e+03	   2.5334689e-02	
   1.5320000e+03	   5.8492796e-01	
   1.5330000e+03	   3.3267296e-01	
   1.5340000e+03	   6.6916813e-02	
   1.5350000e+03	   7.3028415e-02	
   1.5360000e+03	   2.9658176e-01	
   1.5370000e+03	   1.1311321e-01	
   1.5380000e+03	   8.1573395e-03	
   1.5390000e+03	   6.5126523e-03	
   1.5400000e+03	   2.4610458e-01	
   1.5410000e+03	   2.4434225e-01	
   1.5420000e+03	   1.0516916e-01	
   1.5430000e+03	   1.2845263e-01	
   1.5440000e+03	   8.6377679e-02	
   1.5450000e+03	   3.0379651e-02	
   1.5460000e+03	   8.7436769e-03	
   1.5470000e+03	   3.2185339e-01	
   1.5480000e+03	   7.4139596e-02	
   1.5490000e+03	   1.1661973e-01	
   1.5500000e+03	   2.4416957e-01	
   1.5510000e+03	   5.2405387e-02	
   1.5520000e+03	   4.9765583e-02	
   1.5530000e+03	   8.5118241e-02	
   1.5540000e+03	   7.5215106e-03	
   1.5550000e+03	   8.6863045e-02	
   1.5560000e+03	   1.9606685e-02	
   1.5570000e+03	   1.0677043e-01	
   1.5580000e+03	   5.0471746e-01	
   1.5590000e+03	   7.4712036e-03	
   1.5600000e+03	   5.2037617e-02	
   1.5610000e+03	   7.2589613e-03	
   1.5620000e+03	   2.9998202e-01	
   1.5630000e+03	   7.3085870e-02	
   1.5640000e+03	   1.5038655e-02	
   1.5650000e+03	   1.0605693e-01	
   1.5660000e+03	   7.4964253e-02	
   1.5670000e+03	   2.0568270e-01	
   1.5680000e+03	   4.7150491e-02	
   1.5690000e+03	   5.8795482e-02	
   1.5700000e+03	   5.0819758e-02	
   1.5710000e+03	   2.1772197e-01	
   1.5720000e+03	   2.9107367e-02	
   1.5730000e+03	   1.1697663e-01	
   1.5740000e+03	   2.2128611e-01	
   1.5750000e+03	   4.0787139e-02	
   1.5760000e+03	   4.6192075e-05	
   1.5770000e+03	   5.0295377e-02	
   1.5780000e+03	   8.0143172e-02	
   1.5790000e+03	   1.8610194e-01	
   1.5800000e+03	   7.2735238e-02	
   1.5810000e+03	   3.1744844e-01	
   1.5820000e+03	   8.0867469e-03	
   1.5830000e+03	   3.9817565e-02	
   1.5840000e+03	   9.2012350e-02	
   1.5850000e+03	   1.9263887e-01	
   1.5860000e+03	   6.6921676e-02	
   1.5870000e+03	   5.0708032e-02	
   1.5880000e+03	   4.7407725e-02	
   1.5890000e+03	   9.2686263e-03	
   1.5900000e+03	   8.1178422e-02	
   1.5910000e+03	   6.2830236e-02	
   1.5920000e+03	   4.1553462e-01	
   1.5930000e+03	   4.2328986e-01	
   1.5940000e+03	   2.1267175e-02	
   1.5950000e+03	   1.0815672e-01	
   1.5960000e+03	   4.3769799e-01	
   1.5970000e+03	   1.0113484e-01	
   1.5980000e+03	   9.0582918e-02	
